/*--------------------------------*- C++ -*----------------------------------*\
| =========                 |                                                 |
| \\      /  F ield         | OpenFOAM: The Open Source CFD Toolbox           |
|  \\    /   O peration     | Version:  v1912                                 |
|   \\  /    A nd           | Website:  www.openfoam.com                      |
|    \\/     M anipulation  |                                                 |
\*---------------------------------------------------------------------------*/
FoamFile
{
    version     2.0;
    format      ascii;
    class       labelList;
    note        "nPoints:16566  nCells:7769  nFaces:31589  nInternalFaces:15445";
    location    "constant/polyMesh";
    object      neighbour;
}
// * * * * * * * * * * * * * * * * * * * * * * * * * * * * * * * * * * * * * //


15445
(
1
24
2
25
3
26
4
27
5
28
6
29
7
30
864
864
866
866
867
869
869
870
872
872
873
875
875
876
878
878
879
881
881
882
884
884
885
887
887
888
890
890
891
893
18
41
892
893
19
42
20
43
21
44
22
45
23
46
47
25
48
26
49
27
50
28
51
29
52
30
53
31
54
894
864
894
896
867
896
897
899
870
899
900
902
873
902
903
905
876
905
906
908
879
908
909
911
882
911
912
914
885
914
915
917
888
917
918
920
891
920
921
923
42
65
922
923
43
66
44
67
45
68
46
69
47
70
71
49
72
50
73
51
74
52
75
53
76
54
77
55
78
924
894
924
926
897
926
927
929
900
929
930
932
903
932
933
935
906
935
936
938
909
938
939
941
912
941
942
944
915
944
945
947
918
947
948
950
921
950
951
953
66
89
952
953
67
90
68
91
69
92
70
93
71
94
95
73
96
74
97
75
98
76
99
77
100
78
101
79
102
954
924
954
956
927
956
957
959
930
959
960
962
933
962
963
965
936
965
966
968
939
968
969
971
942
971
972
974
945
974
975
977
948
977
978
980
951
980
981
983
90
113
982
983
91
114
92
115
93
116
94
117
95
118
119
97
120
98
121
99
122
100
123
101
124
102
125
103
126
984
954
984
986
957
986
987
989
960
989
990
992
963
992
993
995
966
995
996
998
969
998
999
1001
972
1001
1002
1004
975
1004
1005
1007
978
1007
1008
1010
981
1010
1011
1013
114
137
1012
1013
115
138
116
139
117
140
118
141
119
142
143
121
144
122
145
123
146
124
147
125
148
126
149
127
150
1014
984
1014
1016
987
1016
1017
1019
990
1019
1020
1022
993
1022
1023
1025
996
1025
1026
1028
999
1028
1029
1031
1002
1031
1032
1034
1005
1034
1035
1037
1008
1037
1038
1040
1011
1040
1041
1043
138
161
1042
1043
139
162
140
163
141
164
142
165
143
166
167
145
168
146
169
147
170
148
171
149
172
150
173
151
174
1044
1014
1044
1046
1017
1046
1047
1049
1020
1049
1050
1052
1023
1052
1053
1055
1026
1055
1056
1058
1029
1058
1059
1061
1032
1061
1062
1064
1035
1064
1065
1067
1038
1067
1068
1070
1041
1070
1071
1073
162
185
1072
1073
163
186
164
187
165
188
166
189
167
190
191
169
192
170
193
171
194
172
195
173
196
174
197
175
198
1074
1044
1074
1076
1047
1076
1077
1079
1050
1079
1080
1082
1053
1082
1083
1085
1056
1085
1086
1088
1059
1088
1089
1091
1062
1091
1092
1094
1065
1094
1095
1097
1068
1097
1098
1100
1071
1100
1101
1103
186
209
1102
1103
187
210
188
211
189
212
190
213
191
214
215
193
216
194
217
195
218
196
219
197
220
198
221
199
222
1104
1074
1104
1106
1077
1106
1107
1109
1080
1109
1110
1112
1083
1112
1113
1115
1086
1115
1116
1118
1089
1118
1119
1121
1092
1121
1122
1124
1095
1124
1125
1127
1098
1127
1128
1130
1101
1130
1131
1133
210
233
1132
1133
211
234
212
235
213
236
214
237
215
238
239
217
240
218
241
219
242
220
243
221
244
222
245
223
246
1134
1104
1134
1136
1107
1136
1137
1139
1110
1139
1140
1142
1113
1142
1143
1145
1116
1145
1146
1148
1119
1148
1149
1151
1122
1151
1152
1154
1125
1154
1155
1157
1128
1157
1158
1160
1131
1160
1161
1163
234
257
1162
1163
235
258
236
259
237
260
238
261
239
262
263
241
264
242
265
243
266
244
267
245
268
246
269
247
270
1164
1134
1164
1166
1137
1166
1167
1169
1140
1169
1170
1172
1143
1172
1173
1175
1146
1175
1176
1178
1149
1178
1179
1181
1152
1181
1182
1184
1155
1184
1185
1187
1158
1187
1188
1190
1161
1190
1191
1193
258
281
1192
1193
259
282
260
283
261
284
262
285
263
286
287
265
288
266
289
267
290
268
291
269
292
270
293
271
294
1194
1164
1194
1196
1167
1196
1197
1199
1170
1199
1200
1202
1173
1202
1203
1205
1176
1205
1206
1208
1179
1208
1209
1211
1182
1211
1212
1214
1185
1214
1215
1217
1188
1217
1218
1220
1191
1220
1221
1223
282
305
1222
1223
283
306
284
307
285
308
286
309
287
310
311
289
312
290
313
291
314
292
315
293
316
294
317
295
318
1224
1194
1224
1226
1197
1226
1227
1229
1200
1229
1230
1232
1203
1232
1233
1235
1206
1235
1236
1238
1209
1238
1239
1241
1212
1241
1242
1244
1215
1244
1245
1247
1218
1247
1248
1250
1221
1250
1251
1253
306
329
1252
1253
307
330
308
331
309
332
310
333
311
334
335
313
336
314
337
315
338
316
339
317
340
318
341
319
342
1254
1224
1254
1256
1227
1256
1257
1259
1230
1259
1260
1262
1233
1262
1263
1265
1236
1265
1266
1268
1239
1268
1269
1271
1242
1271
1272
1274
1245
1274
1275
1277
1248
1277
1278
1280
1251
1280
1281
1283
330
353
1282
1283
331
354
332
355
333
356
334
357
335
358
359
337
360
338
361
339
362
340
363
341
364
342
365
343
366
1284
1254
1284
1286
1257
1286
1287
1289
1260
1289
1290
1292
1263
1292
1293
1295
1266
1295
1296
1298
1269
1298
1299
1301
1272
1301
1302
1304
1275
1304
1305
1307
1278
1307
1308
1310
1281
1310
1311
1313
354
377
1312
1313
355
378
356
379
357
380
358
381
359
382
383
361
384
362
385
363
386
364
387
365
388
366
389
367
390
1314
1284
1314
1316
1287
1316
1317
1319
1290
1319
1320
1322
1293
1322
1323
1325
1296
1325
1326
1328
1299
1328
1329
1331
1302
1331
1332
1334
1305
1334
1335
1337
1308
1337
1338
1340
1311
1340
1341
1343
378
401
1342
1343
379
402
380
403
381
404
382
405
383
406
407
385
408
386
409
387
410
388
411
389
412
390
413
391
414
1344
1314
1344
1346
1317
1346
1347
1349
1320
1349
1350
1352
1323
1352
1353
1355
1326
1355
1356
1358
1329
1358
1359
1361
1332
1361
1362
1364
1335
1364
1365
1367
1338
1367
1368
1370
1341
1370
1371
1373
402
425
1372
1373
403
426
404
427
405
428
406
429
407
430
431
409
432
410
433
411
434
412
435
413
436
414
437
415
438
1374
1344
1374
1376
1347
1376
1377
1379
1350
1379
1380
1382
1353
1382
1383
1385
1356
1385
1386
1388
1359
1388
1389
1391
1362
1391
1392
1394
1365
1394
1395
1397
1368
1397
1398
1400
1371
1400
1401
1403
426
449
1402
1403
427
450
428
451
429
452
430
453
431
454
455
433
456
434
457
435
458
436
459
437
460
438
461
439
462
1404
1374
1404
1406
1377
1406
1407
1409
1380
1409
1410
1412
1383
1412
1413
1415
1386
1415
1416
1418
1389
1418
1419
1421
1392
1421
1422
1424
1395
1424
1425
1427
1398
1427
1428
1430
1401
1430
1431
1433
450
473
1432
1433
451
474
452
475
453
476
454
477
455
478
479
457
480
458
481
459
482
460
483
461
484
462
485
463
486
1434
1404
1434
1436
1407
1436
1437
1439
1410
1439
1440
1442
1413
1442
1443
1445
1416
1445
1446
1448
1419
1448
1449
1451
1422
1451
1452
1454
1425
1454
1455
1457
1428
1457
1458
1460
1431
1460
1461
1463
474
497
1462
1463
475
498
476
499
477
500
478
501
479
502
503
481
504
482
505
483
506
484
507
485
508
486
509
487
510
1464
1434
1464
1466
1437
1466
1467
1469
1440
1469
1470
1472
1443
1472
1473
1475
1446
1475
1476
1478
1449
1478
1479
1481
1452
1481
1482
1484
1455
1484
1485
1487
1458
1487
1488
1490
1461
1490
1491
1493
498
521
1492
1493
499
522
500
523
501
524
502
525
503
526
527
505
528
506
529
507
530
508
531
509
532
510
533
511
534
1494
1464
1494
1496
1467
1496
1497
1499
1470
1499
1500
1502
1473
1502
1503
1505
1476
1505
1506
1508
1479
1508
1509
1511
1482
1511
1512
1514
1485
1514
1515
1517
1488
1517
1518
1520
1491
1520
1521
1523
522
545
1522
1523
523
546
524
547
525
548
526
549
527
550
551
529
552
530
553
531
554
532
555
533
556
534
557
535
558
1524
1494
1524
1526
1497
1526
1527
1529
1500
1529
1530
1532
1503
1532
1533
1535
1506
1535
1536
1538
1509
1538
1539
1541
1512
1541
1542
1544
1515
1544
1545
1547
1518
1547
1548
1550
1521
1550
1551
1553
546
569
1552
1553
547
570
548
571
549
572
550
573
551
574
575
553
576
554
577
555
578
556
579
557
580
558
581
559
582
1554
1524
1554
1556
1527
1556
1557
1559
1530
1559
1560
1562
1533
1562
1563
1565
1536
1565
1566
1568
1539
1568
1569
1571
1542
1571
1572
1574
1545
1574
1575
1577
1548
1577
1578
1580
1551
1580
1581
1583
570
593
1582
1583
571
594
572
595
573
596
574
597
575
598
599
577
600
578
601
579
602
580
603
581
604
582
605
583
606
1584
1554
1584
1586
1557
1586
1587
1589
1560
1589
1590
1592
1563
1592
1593
1595
1566
1595
1596
1598
1569
1598
1599
1601
1572
1601
1602
1604
1575
1604
1605
1607
1578
1607
1608
1610
1581
1610
1611
1613
594
617
1612
1613
595
618
596
619
597
620
598
621
599
622
623
601
624
602
625
603
626
604
627
605
628
606
629
607
630
1614
1584
1614
1616
1587
1616
1617
1619
1590
1619
1620
1622
1593
1622
1623
1625
1596
1625
1626
1628
1599
1628
1629
1631
1602
1631
1632
1634
1605
1634
1635
1637
1608
1637
1638
1640
1611
1640
1641
1643
618
641
1642
1643
619
642
620
643
621
644
622
645
623
646
647
625
648
626
649
627
650
628
651
629
652
630
653
631
654
1644
1614
1644
1646
1617
1646
1647
1649
1620
1649
1650
1652
1623
1652
1653
1655
1626
1655
1656
1658
1629
1658
1659
1661
1632
1661
1662
1664
1635
1664
1665
1667
1638
1667
1668
1670
1641
1670
1671
1673
642
665
1672
1673
643
666
644
667
645
668
646
669
647
670
671
649
672
650
673
651
674
652
675
653
676
654
677
655
678
1674
1644
1674
1676
1647
1676
1677
1679
1650
1679
1680
1682
1653
1682
1683
1685
1656
1685
1686
1688
1659
1688
1689
1691
1662
1691
1692
1694
1665
1694
1695
1697
1668
1697
1698
1700
1671
1700
1701
1703
666
689
1702
1703
667
690
668
691
669
692
670
693
671
694
695
673
696
674
697
675
698
676
699
677
700
678
701
679
702
1704
1674
1704
1706
1677
1706
1707
1709
1680
1709
1710
1712
1683
1712
1713
1715
1686
1715
1716
1718
1689
1718
1719
1721
1692
1721
1722
1724
1695
1724
1725
1727
1698
1727
1728
1730
1701
1730
1731
1733
690
713
1732
1733
691
714
692
715
693
716
694
717
695
718
719
697
720
698
721
699
722
700
723
701
724
702
725
703
726
1734
1704
1734
1736
1707
1736
1737
1739
1710
1739
1740
1742
1713
1742
1743
1745
1716
1745
1746
1748
1719
1748
1749
1751
1722
1751
1752
1754
1725
1754
1755
1757
1728
1757
1758
1760
1731
1760
1761
1763
714
737
1762
1763
715
738
716
739
717
740
718
741
719
742
743
721
744
722
745
723
746
724
747
725
748
726
749
727
750
1764
1734
1764
1766
1737
1766
1767
1769
1740
1769
1770
1772
1743
1772
1773
1775
1746
1775
1776
1778
1749
1778
1779
1781
1752
1781
1782
1784
1755
1784
1785
1787
1758
1787
1788
1790
1761
1790
1791
1793
738
761
1792
1793
739
762
740
763
741
764
742
765
743
766
767
745
768
746
769
747
770
748
771
749
772
750
773
751
774
1794
1764
1794
1796
1767
1796
1797
1799
1770
1799
1800
1802
1773
1802
1803
1805
1776
1805
1806
1808
1779
1808
1809
1811
1782
1811
1812
1814
1785
1814
1815
1817
1788
1817
1818
1820
1791
1820
1821
1823
762
785
1822
1823
763
786
764
787
765
788
766
789
767
790
791
769
792
770
793
771
794
772
795
773
796
774
797
775
798
1824
1794
1824
1826
1797
1826
1827
1829
1800
1829
1830
1832
1803
1832
1833
1835
1806
1835
1836
1838
1809
1838
1839
1841
1812
1841
1842
1844
1815
1844
1845
1847
1818
1847
1848
1850
1821
1850
1851
1853
786
809
1852
1853
787
810
788
811
789
812
790
813
791
814
815
793
816
794
817
795
818
796
819
797
820
798
821
799
822
1854
1824
1854
1856
1827
1856
1857
1859
1830
1859
1860
1862
1833
1862
1863
1865
1836
1865
1866
1868
1839
1868
1869
1871
1842
1871
1872
1874
1845
1874
1875
1877
1848
1877
1878
1880
1851
1880
1881
1883
810
833
1882
1883
811
834
812
835
813
836
814
837
815
838
839
817
840
818
841
819
842
820
843
821
844
822
845
823
846
1884
1854
1884
1886
1857
1886
1887
1889
1860
1889
1890
1892
1863
1892
1893
1895
1866
1895
1896
1898
1869
1898
1899
1901
1872
1901
1902
1904
1875
1904
1905
1907
1878
1907
1908
1910
1881
1910
1911
1913
834
857
1912
1913
835
858
836
859
837
860
838
861
839
862
863
841
842
843
844
845
846
847
1914
1884
1914
1916
1887
1916
1917
1919
1890
1919
1920
1922
1893
1922
1923
1925
1896
1925
1926
1928
1899
1928
1929
1931
1902
1931
1932
1934
1905
1934
1935
1937
1908
1937
1938
1940
1911
1940
1941
1943
858
1942
1943
859
860
861
862
863
865
866
867
896
868
869
870
899
871
872
873
902
874
875
876
905
877
878
879
908
880
881
882
911
883
884
885
914
886
887
888
917
889
890
891
920
892
893
923
895
896
897
926
898
899
900
929
901
902
903
932
904
905
906
935
907
908
909
938
910
911
912
941
913
914
915
944
916
917
918
947
919
920
921
950
922
923
953
925
926
927
956
928
929
930
959
931
932
933
962
934
935
936
965
937
938
939
968
940
941
942
971
943
944
945
974
946
947
948
977
949
950
951
980
952
953
983
955
956
957
986
958
959
960
989
961
962
963
992
964
965
966
995
967
968
969
998
970
971
972
1001
973
974
975
1004
976
977
978
1007
979
980
981
1010
982
983
1013
985
986
987
1016
988
989
990
1019
991
992
993
1022
994
995
996
1025
997
998
999
1028
1000
1001
1002
1031
1003
1004
1005
1034
1006
1007
1008
1037
1009
1010
1011
1040
1012
1013
1043
1015
1016
1017
1046
1018
1019
1020
1049
1021
1022
1023
1052
1024
1025
1026
1055
1027
1028
1029
1058
1030
1031
1032
1061
1033
1034
1035
1064
1036
1037
1038
1067
1039
1040
1041
1070
1042
1043
1073
1045
1046
1047
1076
1048
1049
1050
1079
1051
1052
1053
1082
1054
1055
1056
1085
1057
1058
1059
1088
1060
1061
1062
1091
1063
1064
1065
1094
1066
1067
1068
1097
1069
1070
1071
1100
1072
1073
1103
1075
1076
1077
1106
1078
1079
1080
1109
1081
1082
1083
1112
1084
1085
1086
1115
1087
1088
1089
1118
1090
1091
1092
1121
1093
1094
1095
1124
1096
1097
1098
1127
1099
1100
1101
1130
1102
1103
1133
1105
1106
1107
1136
1108
1109
1110
1139
1111
1112
1113
1142
1114
1115
1116
1145
1117
1118
1119
1148
1120
1121
1122
1151
1123
1124
1125
1154
1126
1127
1128
1157
1129
1130
1131
1160
1132
1133
1163
1135
1136
1137
1166
1138
1139
1140
1169
1141
1142
1143
1172
1144
1145
1146
1175
1147
1148
1149
1178
1150
1151
1152
1181
1153
1154
1155
1184
1156
1157
1158
1187
1159
1160
1161
1190
1162
1163
1193
1165
1166
1167
1196
1168
1169
1170
1199
1171
1172
1173
1202
1174
1175
1176
1205
1177
1178
1179
1208
1180
1181
1182
1211
1183
1184
1185
1214
1186
1187
1188
1217
1189
1190
1191
1220
1192
1193
1223
1195
1196
1197
1226
1198
1199
1200
1229
1201
1202
1203
1232
1204
1205
1206
1235
1207
1208
1209
1238
1210
1211
1212
1241
1213
1214
1215
1244
1216
1217
1218
1247
1219
1220
1221
1250
1222
1223
1253
1225
1226
1227
1256
1228
1229
1230
1259
1231
1232
1233
1262
1234
1235
1236
1265
1237
1238
1239
1268
1240
1241
1242
1271
1243
1244
1245
1274
1246
1247
1248
1277
1249
1250
1251
1280
1252
1253
1283
1255
1256
1257
1286
1258
1259
1260
1289
1261
1262
1263
1292
1264
1265
1266
1295
1267
1268
1269
1298
1270
1271
1272
1301
1273
1274
1275
1304
1276
1277
1278
1307
1279
1280
1281
1310
1282
1283
1313
1285
1286
1287
1316
1288
1289
1290
1319
1291
1292
1293
1322
1294
1295
1296
1325
1297
1298
1299
1328
1300
1301
1302
1331
1303
1304
1305
1334
1306
1307
1308
1337
1309
1310
1311
1340
1312
1313
1343
1315
1316
1317
1346
1318
1319
1320
1349
1321
1322
1323
1352
1324
1325
1326
1355
1327
1328
1329
1358
1330
1331
1332
1361
1333
1334
1335
1364
1336
1337
1338
1367
1339
1340
1341
1370
1342
1343
1373
1345
1346
1347
1376
1348
1349
1350
1379
1351
1352
1353
1382
1354
1355
1356
1385
1357
1358
1359
1388
1360
1361
1362
1391
1363
1364
1365
1394
1366
1367
1368
1397
1369
1370
1371
1400
1372
1373
1403
1375
1376
1377
1406
1378
1379
1380
1409
1381
1382
1383
1412
1384
1385
1386
1415
1387
1388
1389
1418
1390
1391
1392
1421
1393
1394
1395
1424
1396
1397
1398
1427
1399
1400
1401
1430
1402
1403
1433
1405
1406
1407
1436
1408
1409
1410
1439
1411
1412
1413
1442
1414
1415
1416
1445
1417
1418
1419
1448
1420
1421
1422
1451
1423
1424
1425
1454
1426
1427
1428
1457
1429
1430
1431
1460
1432
1433
1463
1435
1436
1437
1466
1438
1439
1440
1469
1441
1442
1443
1472
1444
1445
1446
1475
1447
1448
1449
1478
1450
1451
1452
1481
1453
1454
1455
1484
1456
1457
1458
1487
1459
1460
1461
1490
1462
1463
1493
1465
1466
1467
1496
1468
1469
1470
1499
1471
1472
1473
1502
1474
1475
1476
1505
1477
1478
1479
1508
1480
1481
1482
1511
1483
1484
1485
1514
1486
1487
1488
1517
1489
1490
1491
1520
1492
1493
1523
1495
1496
1497
1526
1498
1499
1500
1529
1501
1502
1503
1532
1504
1505
1506
1535
1507
1508
1509
1538
1510
1511
1512
1541
1513
1514
1515
1544
1516
1517
1518
1547
1519
1520
1521
1550
1522
1523
1553
1525
1526
1527
1556
1528
1529
1530
1559
1531
1532
1533
1562
1534
1535
1536
1565
1537
1538
1539
1568
1540
1541
1542
1571
1543
1544
1545
1574
1546
1547
1548
1577
1549
1550
1551
1580
1552
1553
1583
1555
1556
1557
1586
1558
1559
1560
1589
1561
1562
1563
1592
1564
1565
1566
1595
1567
1568
1569
1598
1570
1571
1572
1601
1573
1574
1575
1604
1576
1577
1578
1607
1579
1580
1581
1610
1582
1583
1613
1585
1586
1587
1616
1588
1589
1590
1619
1591
1592
1593
1622
1594
1595
1596
1625
1597
1598
1599
1628
1600
1601
1602
1631
1603
1604
1605
1634
1606
1607
1608
1637
1609
1610
1611
1640
1612
1613
1643
1615
1616
1617
1646
1618
1619
1620
1649
1621
1622
1623
1652
1624
1625
1626
1655
1627
1628
1629
1658
1630
1631
1632
1661
1633
1634
1635
1664
1636
1637
1638
1667
1639
1640
1641
1670
1642
1643
1673
1645
1646
1647
1676
1648
1649
1650
1679
1651
1652
1653
1682
1654
1655
1656
1685
1657
1658
1659
1688
1660
1661
1662
1691
1663
1664
1665
1694
1666
1667
1668
1697
1669
1670
1671
1700
1672
1673
1703
1675
1676
1677
1706
1678
1679
1680
1709
1681
1682
1683
1712
1684
1685
1686
1715
1687
1688
1689
1718
1690
1691
1692
1721
1693
1694
1695
1724
1696
1697
1698
1727
1699
1700
1701
1730
1702
1703
1733
1705
1706
1707
1736
1708
1709
1710
1739
1711
1712
1713
1742
1714
1715
1716
1745
1717
1718
1719
1748
1720
1721
1722
1751
1723
1724
1725
1754
1726
1727
1728
1757
1729
1730
1731
1760
1732
1733
1763
1735
1736
1737
1766
1738
1739
1740
1769
1741
1742
1743
1772
1744
1745
1746
1775
1747
1748
1749
1778
1750
1751
1752
1781
1753
1754
1755
1784
1756
1757
1758
1787
1759
1760
1761
1790
1762
1763
1793
1765
1766
1767
1796
1768
1769
1770
1799
1771
1772
1773
1802
1774
1775
1776
1805
1777
1778
1779
1808
1780
1781
1782
1811
1783
1784
1785
1814
1786
1787
1788
1817
1789
1790
1791
1820
1792
1793
1823
1795
1796
1797
1826
1798
1799
1800
1829
1801
1802
1803
1832
1804
1805
1806
1835
1807
1808
1809
1838
1810
1811
1812
1841
1813
1814
1815
1844
1816
1817
1818
1847
1819
1820
1821
1850
1822
1823
1853
1825
1826
1827
1856
1828
1829
1830
1859
1831
1832
1833
1862
1834
1835
1836
1865
1837
1838
1839
1868
1840
1841
1842
1871
1843
1844
1845
1874
1846
1847
1848
1877
1849
1850
1851
1880
1852
1853
1883
1855
1856
1857
1886
1858
1859
1860
1889
1861
1862
1863
1892
1864
1865
1866
1895
1867
1868
1869
1898
1870
1871
1872
1901
1873
1874
1875
1904
1876
1877
1878
1907
1879
1880
1881
1910
1882
1883
1913
1885
1886
1887
1916
1888
1889
1890
1919
1891
1892
1893
1922
1894
1895
1896
1925
1897
1898
1899
1928
1900
1901
1902
1931
1903
1904
1905
1934
1906
1907
1908
1937
1909
1910
1911
1940
1912
1913
1943
1915
1916
1917
1918
1919
1920
1921
1922
1923
1924
1925
1926
1927
1928
1929
1930
1931
1932
1933
1934
1935
1936
1937
1938
1939
1940
1941
1942
1943
4934
4936
3202
4937
4939
3205
4940
4942
3208
4943
4945
3211
4946
4948
3214
4949
4951
3217
4952
4954
3200
4955
4957
3203
3223
4958
4960
3206
3226
3227
3229
2561
3209
3230
3232
2029
3212
3233
3235
2263
3215
4961
4963
3218
3238
4964
4966
3221
4967
4969
3224
3244
4970
4972
2559
3247
5513
5514
6732
6733
2027
2032
5517
5518
5522
5523
2035
2261
3256
5526
5527
2038
3236
4973
4975
6709
3239
3259
4976
4978
3242
4979
4981
3245
3265
4982
4984
2030
3268
4985
4987
2033
2041
3272
3274
2036
2043
3275
3277
2046
3257
6698
6700
3260
3280
4991
4993
3263
4994
4996
3266
3286
4997
4999
2039
3289
5000
5002
2042
2049
3293
3295
2044
2565
2567
7323
2054
3278
6701
6703
3281
3298
5006
5008
3284
5009
5011
3287
3304
5012
5014
2047
3307
5015
5017
2050
2057
2568
2570
2052
2059
3311
3313
3517
2062
3296
5018
5020
5176
3299
3316
5021
5023
3302
5024
5026
3305
3322
3323
3325
2055
2279
5027
5029
2060
2067
5030
5032
5171
5179
2081
3314
5033
5035
3317
3331
5036
5038
3320
5039
5041
2277
3337
3338
3340
2063
2579
3341
3343
2065
3140
3142
7329
2079
2086
6704
6706
3329
3346
5045
5047
3332
3349
5048
5050
3335
5051
5053
2577
3355
5054
5056
2082
3358
3359
3361
6710
2084
2588
3362
3364
5201
3145
3344
5057
5059
3347
3367
5060
5062
3350
3370
5063
5065
3353
5066
5068
3356
3376
5069
5071
2586
3379
5072
5074
3143
3382
5075
5077
3365
3385
5078
5080
3368
3388
5081
5083
3371
3391
5084
5086
3374
5087
5089
3377
3397
5090
5092
3380
3400
5093
5095
3383
3403
5096
5098
3386
3406
5099
5101
3389
3409
5102
5104
3392
3412
5105
5107
3395
5108
5110
3398
3418
5111
5113
3401
3421
5114
5116
3404
3424
5117
5119
3407
3427
5120
5122
3410
3430
5123
5125
3413
3433
5126
5128
2560
3437
3439
2035
2261
3440
3442
3210
3443
3445
3246
5129
5131
2033
2041
5132
5134
5137
2560
3452
3454
5135
5137
2036
2043
2595
2597
6012
6013
6017
6018
3461
3463
2046
3257
5138
5140
2262
6707
6709
3267
5141
5143
2042
2049
5144
5146
3272
3476
3478
3479
3481
2604
2606
2607
2609
7320
2054
3278
5147
5149
5150
5152
3288
5153
5155
2050
2057
3491
3493
5156
5158
2613
2615
2052
2059
3497
3499
3497
3500
3502
2062
3296
5159
5161
5162
5164
3306
5165
5167
2064
2620
2622
6833
3512
3514
2060
2067
5168
5170
3515
3517
5171
5173
2081
3314
6110
6111
6756
6757
5174
5176
2278
3527
3529
2632
2634
6836
2635
6839
2079
2086
3530
3532
5177
5179
2099
2100
3536
3538
2103
2637
2639
7338
2102
3486
5180
5182
2091
3485
5183
5185
2109
2110
3545
3547
2112
2115
3548
3550
2114
3507
5186
5188
2101
3506
5189
5191
2121
2123
2643
2645
2132
2134
5192
5194
2122
2133
2649
2651
5195
5197
3329
3346
3560
3562
3565
6765
6766
2578
6710
6712
2084
2588
5198
5200
5201
5203
3145
3344
6771
6772
6773
6774
5204
5206
2136
2153
3575
3577
2090
2093
6192
6193
6197
6198
2137
2285
5207
5209
2264
3581
3583
3466
5210
5212
2265
3465
3589
6210
6211
2264
3590
3592
2099
2100
3593
3595
3611
2098
3471
3596
6218
6219
2107
3470
3601
6222
6223
2155
3271
3602
6230
6231
3270
3607
6234
6235
3538
3608
3610
3611
3613
3484
5213
5215
3483
5216
5218
2657
2659
7341
2109
2110
5219
5221
2108
3489
6713
6715
2119
3488
5222
5224
3292
3629
6281
6282
3291
3634
6285
6286
6715
5225
5227
3638
3640
2112
2115
3641
3643
2660
2662
2149
3505
3644
6296
6297
3504
5228
5230
5231
5233
2121
2123
3653
3655
2120
3510
5234
5236
2129
3509
5237
5239
3310
5240
5242
3309
5243
5245
3668
3670
2125
2663
6845
2664
6842
2126
2310
3671
3673
2133
3674
3676
2147
3677
3679
2130
2312
3680
3682
2204
2311
3683
3685
2576
5246
5248
2575
3689
3691
2152
2191
3692
3694
2190
3697
5194
6360
6361
3698
3700
2190
3701
3703
5192
2189
3326
3704
6368
6369
2594
3707
3709
2589
5249
5251
2192
2603
3710
3712
2163
2195
2690
2692
2194
3543
3713
6374
6375
2159
3542
3716
3718
2196
2299
3719
3721
2172
2199
3722
3724
2198
3555
3725
6380
6381
2164
3554
3730
6384
6385
2178
2200
2693
2695
2310
5252
5254
2309
3525
3734
3736
3524
3739
6399
6400
2206
3149
3740
3742
3148
3573
6405
6406
6410
6411
3572
5255
5257
2594
5258
5260
2593
3447
3752
3754
3446
3757
6432
6433
2210
2698
2700
6851
2209
3449
3758
6437
6438
2161
2213
3761
3763
3586
3764
3766
2344
3585
3767
3769
2343
5261
5263
2218
2287
3773
3775
2219
2701
6854
3616
3776
6449
6450
2221
3615
3781
6453
6454
2220
2702
2704
7350
2170
2225
5264
5266
2224
3627
3785
3787
2176
3626
3788
3790
2226
3791
3793
2227
2304
3794
3796
2228
2706
6857
2179
2234
2707
2709
2233
3660
3797
6470
6471
2184
3659
3802
6474
6475
3664
3803
3805
2236
3663
3806
3808
2235
3809
3811
2238
2713
6860
2243
2247
2716
2718
2246
2571
3812
6482
6483
2250
2384
3815
3817
2332
2383
3818
3820
3688
3821
6488
6489
2251
3687
5267
5269
2719
2721
6848
2282
2390
3827
3829
2256
2389
3830
3832
3559
3835
6789
6790
5270
5272
3572
5273
5275
2349
3842
3844
2222
3541
3845
6515
6516
3540
3850
6519
6520
2219
2728
2730
2358
3851
3853
2231
3553
3854
3856
3552
3857
3859
2228
3860
3862
2235
2731
2733
2203
2393
3863
3865
2253
2734
2736
7362
2258
3866
3868
2582
3869
3871
2581
2653
5276
5278
2652
3872
3874
2211
2396
2743
2745
2210
2746
6863
3751
3877
6525
6526
2747
2749
2677
3878
3880
2214
2342
3881
3883
2343
3884
3886
2215
2753
6866
2342
2754
2756
2336
2341
4803
4804
4808
4809
2335
2394
3887
3889
2348
3890
3892
2760
6869
2761
2763
7359
3618
3893
6533
6534
3617
3898
6537
6538
2360
3625
3899
3901
3624
3902
3904
2226
5279
5281
3908
3910
2229
3911
3913
2765
6872
2304
5282
5284
2303
3648
3917
3919
3647
3920
3922
2237
3658
3923
6557
6558
3657
3928
6561
6562
2238
2766
2768
3929
3931
3666
3932
3934
3665
3935
3937
2769
6875
2242
2375
3938
3940
2244
2374
3941
3943
2260
2628
3944
6569
6570
2627
3947
3949
2245
2775
6878
2248
3950
3952
2247
2777
6881
3733
3953
3955
3956
3958
2374
3959
3961
2252
2668
3962
3964
2667
3965
3967
2670
5285
5287
2669
3971
3973
2257
2792
2794
2256
2389
3974
3976
2388
3836
3977
3979
3980
3982
2798
6884
2393
5288
5290
2392
3534
3986
3988
3533
3989
3991
5291
5293
3236
3995
6707
6794
6795
3213
3998
4000
5294
5296
3468
4004
4006
3467
3992
4007
4009
2293
2403
4010
4012
2402
3717
4013
4015
2598
3716
4016
4018
2406
3496
4019
4021
2405
2409
2799
2801
2290
2408
2802
2804
2301
2412
2805
2807
2411
3729
4022
4024
2294
3728
4025
4027
2413
2625
2808
2810
3321
4028
4030
2579
5297
5299
3306
5300
5302
2334
3152
4037
4039
3151
3747
4040
4042
3746
3829
4045
6606
6607
3445
3994
6716
6718
2590
3444
6719
6721
2589
4046
4048
5209
2422
2600
4049
4051
2348
5303
5305
2347
3600
4055
4057
2297
3599
4058
4060
2425
2817
2819
2424
2429
2820
2822
2428
3473
4061
4063
2431
2823
2825
3778
4064
4066
2433
3777
4067
4069
2432
2826
2828
7374
3631
4070
4072
2359
3630
4073
4075
2358
5306
5308
2435
2610
2833
2835
2443
2836
6899
2573
3646
4079
4081
3645
4082
4084
5309
5311
2446
2837
2839
6887
2445
3801
4088
4090
2316
3800
4091
4093
3328
3523
4094
4096
3522
4097
4099
5312
5314
2582
5315
5317
2575
5318
5320
2574
4031
4109
4111
2455
2460
2840
6896
2459
2655
2841
6893
3823
4112
4114
2463
3822
4115
4117
2462
2842
2844
6890
2585
2724
4118
4120
2468
2723
2845
2847
2354
2470
4121
4123
2469
2726
4124
4126
2725
3608
4127
4129
2357
3847
4130
4132
2474
3846
4133
4135
2473
2849
2851
7392
2363
2852
2854
6905
2477
2855
2857
6908
2476
3635
4136
4138
2370
2482
2858
2860
2491
2674
2863
2865
2739
4139
4141
2738
2741
4142
4144
2740
4145
4147
2684
3889
4148
4150
3459
4151
4153
3458
4046
5321
5323
2506
2508
2874
2875
2507
2680
2876
6902
3460
4003
4154
4156
3459
4159
6633
6634
4160
4162
3884
4163
4165
5263
3588
4166
4168
3587
4001
5324
5326
2351
3598
4169
4171
3597
4172
4174
5327
5329
2603
3842
4178
4180
2602
3606
4181
4183
3605
4184
4186
2512
3595
4187
4189
2511
2516
4190
4192
2515
4193
4195
2519
2880
2882
7395
2518
3897
4196
4198
3896
4199
4201
5330
5332
3633
4205
4207
3632
4208
4210
2520
3622
4211
4213
2883
2885
6914
2886
2888
6911
2523
2891
6917
2522
3650
4214
4216
2525
2642
2893
2895
2372
3925
4217
4219
2527
3924
4220
4222
2373
2526
4223
4225
2531
4226
4228
2530
3936
4229
4231
3935
4232
4234
2532
2899
6920
5333
5335
2627
3938
4238
6647
6648
2626
4100
4241
4243
2534
2539
6923
2676
3946
4244
4246
2542
3945
4247
4249
2541
2900
2902
7404
2387
2783
2903
2905
2549
2782
2906
2908
2739
5336
5338
2667
3815
4253
4255
2666
4103
4256
4258
2552
2790
2911
2913
2789
2914
2916
3841
4259
4261
5339
5341
3746
3827
4265
4267
3706
3838
4268
4270
3705
4271
4273
5342
5344
2684
4277
4279
2678
2683
4282
6660
6661
2677
4283
4285
2400
2686
2924
2926
2471
2685
2927
2929
2416
2564
2930
2932
2563
2933
2935
2475
3715
4286
4288
3714
4289
4291
2431
4292
4294
2478
2938
2940
6956
2407
2941
2943
4076
4295
4297
2409
6965
2425
2944
6959
2945
6962
2481
3727
4298
4300
3726
4301
4303
2443
2946
2948
2710
2949
2951
2419
2952
6932
2418
3456
4304
4306
3455
4307
4309
2497
3760
4310
4312
3759
4313
4315
2954
2956
6935
2423
2504
2957
2959
2960
2962
7368
3770
4316
4318
2500
6938
2427
2963
6944
2964
6941
2430
2514
2965
6947
2429
2966
6950
4054
4319
4321
4322
4324
2510
4325
4327
2967
6953
2968
2970
7416
3780
4328
4330
2517
3779
4331
4333
3784
4334
4336
2440
2524
2975
2977
2439
2617
4337
4339
2616
4085
4340
4342
2442
2978
2979
2521
2980
6971
2450
2618
2981
2983
2617
2984
2986
2987
6968
2528
3799
4343
4345
3798
4346
4348
2447
2988
2990
2991
7386
2453
2992
6974
2452
2630
4349
4351
2629
2994
2996
2548
3814
4352
4354
3813
4355
4357
2997
2999
6977
2458
2550
3000
3002
2457
3004
6929
2461
4255
4358
4360
2460
4361
4363
2784
4364
4366
2868
4367
4369
4370
4372
4250
4373
4375
3005
3007
6926
3825
4376
4378
2551
3824
4379
4381
2557
3008
3010
7425
2468
2723
4382
4384
2722
4262
4385
4387
3011
3012
2472
3014
3016
2515
3017
3019
2727
3020
3022
2726
3023
3025
3026
3028
7449
3849
4388
4390
3848
4391
4393
4204
4394
4396
3029
3031
6998
3032
3034
6995
2525
2642
4397
4399
2641
3858
4400
4402
3857
4403
4405
2531
3035
3037
2487
2492
4406
4408
2486
2647
4409
4411
2646
4274
4412
4414
2489
3038
3040
2490
3041
7016
2555
2648
4415
4417
2647
3042
3044
2492
7013
3985
4418
4420
3050
3052
2494
2752
3053
3055
2495
3058
6980
2752
4421
4423
2751
3876
4424
4426
3875
4427
4429
2501
3579
4430
4432
2877
3578
4433
4435
2504
3062
6983
2503
3064
3066
3580
4165
4436
4438
3579
4439
4441
4442
4444
2759
2879
4445
4447
2758
3068
3070
2919
3072
3074
2758
4448
4450
2757
4148
4451
4453
2514
4454
4456
2513
4457
4459
4175
4460
4462
2516
3075
6992
3076
6989
3077
3079
3081
6986
3895
4463
4465
3894
4466
4468
3082
3084
7452
3905
4469
4471
2524
7004
3916
4472
4474
3089
3091
7001
3092
3094
3095
3097
2532
4475
4477
3927
4478
4480
3926
4481
4483
2712
3934
4484
4486
3933
4487
4489
4490
4492
3098
7007
2537
2543
3099
3101
2536
3103
7010
2540
4240
4493
4495
2539
4496
4498
2770
4499
4501
3104
3106
7464
3107
3109
4235
4502
4504
3110
7461
2771
4505
4507
2770
3112
3114
2545
2780
3115
3117
2546
3121
3123
2780
4508
4510
2779
3954
4511
4513
3953
4514
4516
2785
3124
3126
2784
3127
3129
3970
4517
4519
3969
4520
4522
2558
2797
4523
4525
2796
3696
4526
4528
3695
4529
4531
2558
2797
3132
3134
3136
7479
3138
3139
3225
4532
4534
5345
5347
3207
4538
4540
2687
3478
4541
4543
2686
4544
4546
3455
4547
4549
2566
2619
2807
2567
2806
4026
2607
4025
2569
2810
3514
2570
2809
2812
2613
2811
3733
4550
4552
3732
3738
5348
5350
3737
4553
4555
4036
4556
4558
5351
5353
3509
4562
5246
6800
6801
3336
4565
4567
3358
4570
6712
6804
6805
5354
5356
3568
4573
4574
4576
3567
6722
6724
5357
5359
2656
3158
4583
4585
3157
4044
4586
4588
4043
4589
4591
3357
4592
4594
3143
3382
4595
4597
4598
4600
5200
4601
4603
5249
3231
6725
6727
3230
4535
6728
6730
3250
4537
5360
5362
3249
4604
4606
5363
5365
2596
3463
4051
2597
2816
4050
2604
2815
3766
4610
4612
3765
3771
4613
4615
3770
4616
4618
3451
3604
4619
4621
3603
4622
4624
3712
4625
4627
2605
7025
2606
2824
7028
2823
3275
2608
4066
2609
2827
4065
2826
7482
3784
4628
4630
3783
3789
4631
4633
2623
3788
4634
4636
2614
2830
2615
2829
2834
2833
3491
3502
4637
4639
4640
4642
2629
4643
4645
2836
7326
2621
2839
7019
2622
2838
4092
2632
4091
3805
4646
4648
2711
3804
4649
4651
2710
4652
4654
3520
4655
4657
3949
4658
4660
3533
4661
4663
4664
4666
3813
4667
4669
3311
3812
4670
4672
2633
4114
2634
2843
4113
2842
7022
2636
3142
4120
2848
4119
7485
2638
2659
4132
2639
2850
4131
2849
7497
3652
3856
4673
4675
3855
4676
4678
4679
4681
2644
7037
2645
2859
7040
2858
3668
3703
4682
4684
4685
4687
3695
4688
4690
2650
7503
2651
2864
7049
2863
3698
3149
3874
4691
4693
3567
4694
4696
5276
3566
4598
5366
5368
2868
3159
7031
2872
3161
3162
2658
2882
7500
2659
2881
4200
4199
2661
2895
3550
2662
2894
2897
2896
3641
2898
3676
7046
2899
3655
7043
2673
2905
7034
4108
4697
4699
3967
4700
4702
2669
3962
4703
4705
3973
4706
4708
3687
4709
4711
5285
3686
4559
4712
4714
2673
2910
2915
7491
2914
7335
3985
4715
4717
3984
3990
4718
4720
3989
4721
4723
5369
5371
3252
4727
4729
3251
4607
4730
4732
2919
3163
7055
2918
2921
3164
3166
3253
4603
5372
5374
3252
4733
4735
4277
4736
4738
2727
4739
4741
4742
4744
4625
4745
4747
2689
2697
2932
7347
2931
2936
7518
2691
2730
4288
2692
4287
4293
2701
4292
2694
2733
7070
2695
2950
7073
2949
3809
2697
2953
4308
7515
4307
7344
2699
2749
4312
2700
2955
4311
2954
7058
2967
7061
2703
2970
7527
2704
2969
4332
2761
4331
2715
2983
7067
2987
3724
7064
2708
2768
4345
2709
2989
4344
2713
2988
4748
4750
3807
4751
4753
3806
4754
4756
2991
7076
2715
2993
2995
7533
2994
7353
2717
3958
4354
2718
2998
4353
2775
2997
2720
3007
7052
2721
3006
4380
2787
4379
4267
4757
4759
4760
4762
4043
4763
4765
4180
4766
4768
4769
4771
4772
4774
2729
2760
3028
2730
3027
4392
4391
2732
3037
3931
2733
3036
7097
7094
2735
2794
4417
2736
3045
4416
7578
3155
4582
4775
4777
3154
5375
5377
5378
5380
3152
4784
4786
3154
4787
4789
3153
4691
4790
4792
2744
3055
3880
2745
3054
3057
3056
4283
2747
3058
7079
2748
4423
2749
4422
4428
4427
3577
4726
4793
4795
3576
4796
4798
4799
4801
3881
7085
2755
4162
4447
2756
3071
4446
7082
4153
4802
4804
4805
4807
4157
4808
4810
7088
2762
4465
2763
3083
4464
3082
7563
2765
3096
7091
3095
3860
2767
2769
4477
2768
4476
4482
4481
3098
7100
4811
4813
3945
4814
4816
3944
4658
4817
4819
2774
3111
3113
7569
3112
7106
7103
2777
3122
7566
3121
3956
3679
4237
4820
4822
3678
4823
4825
4826
4828
2786
4705
4829
4831
2785
4832
4834
2789
4835
4837
4838
4840
4841
4843
4700
4844
4846
2788
4519
7356
3130
4518
7536
4847
4849
3969
4850
4852
3968
4706
4853
4855
2793
2798
4525
2794
4524
4530
4529
3979
4264
4856
4858
3978
4859
4861
4862
4864
3138
7109
2800
2804
2945
2801
2803
4020
2941
4019
2803
2819
3295
2804
3294
2944
2806
2948
4024
2807
4023
2836
2809
2951
7133
2810
7136
4652
2812
2830
7383
7596
2814
2816
4050
7584
2960
4049
7371
2816
7365
7581
2818
2822
2964
2819
2821
3480
3479
2821
4063
4324
2822
4062
2963
2824
4012
2825
7127
7124
2827
7587
2828
4068
2968
4067
2830
2832
7590
7377
2832
2835
2972
7380
2834
7593
2834
4630
2835
4334
7130
2838
2990
4090
2839
4089
7112
2841
4372
7121
4367
7118
2843
7115
2844
4116
3005
4115
2846
3012
7602
2847
2848
4119
4118
4760
7599
2850
7623
2851
4134
3026
4133
2853
2857
7145
2854
2856
3546
2886
3545
2856
3031
4138
2857
4137
7148
2859
4228
2860
7166
3035
7163
2862
2865
3049
7407
2864
7644
2864
4717
2865
4418
2871
4783
4865
4867
2870
3174
3176
7488
3177
3179
2873
3173
3180
3182
3183
3185
7605
4778
4868
4870
3158
3186
3188
3168
3191
3193
2876
4450
7142
3068
7620
3072
7139
3583
4871
4873
3582
4158
5381
5383
4157
4874
4876
2881
3084
4198
2882
4197
7626
2884
2888
7154
2885
2887
4212
3087
4211
2887
3640
2888
3639
7151
2890
2892
3642
7632
2896
3641
7401
2892
3091
4216
4215
7635
2894
3097
7157
2895
7160
4679
2897
7398
7629
2900
7172
4223
7169
2901
3676
2902
3675
4248
3110
4247
2904
2908
4837
2905
2907
7494
2914
2907
3126
7614
2908
7617
4832
2910
2913
3131
7389
2912
7611
2912
2916
4852
2913
2915
4520
2915
2916
4847
4282
4738
4877
4879
4281
4880
4882
3194
3196
3197
3199
7434
4281
4883
4885
4280
4724
4886
4888
2926
2937
7413
2925
2929
4744
2926
2928
7656
2933
2928
3022
7521
2929
7524
4739
2931
2935
4549
2932
2934
4307
2934
2937
2935
2936
4544
2937
7653
7410
2939
2943
7202
2940
2942
3720
3032
3719
2942
4297
2943
4296
7205
2945
7208
7211
2947
2987
3724
2948
3723
4302
4301
2950
4750
2951
7226
7223
2953
2956
4306
4305
7650
2955
7178
2956
4314
4313
2958
2962
7181
2959
2961
3762
3761
4442
2961
4318
2962
4317
7184
2964
7190
7187
2966
4327
7193
4322
7196
4292
7199
2969
4330
2970
4329
7659
2972
2974
4335
7665
4334
7422
2974
3086
3793
7419
3792
7662
2976
2980
4339
2977
3795
4338
3092
3794
2980
4339
7220
2984
7674
7217
2982
2986
4645
2983
2985
7530
2994
2985
7668
2986
7671
4640
7214
2989
2991
2990
4347
4346
7229
2993
2999
4351
4350
7677
2995
2996
4350
4349
4664
2998
7232
2999
4356
4355
3001
3004
4366
3002
3003
7509
3127
7506
3004
7647
4361
3006
4378
3007
4377
7175
3009
3013
4384
3010
3831
4383
3136
3830
3013
4384
7235
7680
7428
3015
3019
4126
3016
3018
7710
3023
7707
3018
3079
7545
3019
7548
4121
3021
3025
4774
3022
3024
7554
7551
3024
7713
3025
7716
4769
3027
4390
3028
4389
7722
3030
3034
7256
3031
3033
4395
4394
3033
3853
3034
3852
7253
3036
7271
3037
7274
4490
3039
3041
4411
3040
7752
3042
7749
4406
7292
3043
3046
3044
3045
4416
4415
4685
3046
7746
7476
3048
3052
7473
3049
3051
4419
4418
7470
3051
3868
4408
3052
3867
7289
3054
7238
3055
7241
4799
3057
3199
7437
7692
4423
7244
3060
3067
4432
7443
3061
3882
4431
3881
7440
3063
3066
4444
3065
7701
3065
3067
4432
3066
7704
4439
7446
3069
7698
3070
3071
4446
4445
4805
7695
3073
4450
3074
3888
4449
3194
3887
3076
4459
7250
4454
7247
3078
3081
4195
3079
3080
7560
7557
3081
7719
4190
3083
7725
3084
4467
4466
3086
3088
3909
7728
3908
7455
3088
4471
7458
4470
7731
3090
3094
7268
3091
3093
4473
4472
3093
3913
3094
3912
7265
3096
4399
3097
7262
7259
4477
7277
3100
3103
4501
3101
3102
7575
3112
7572
3103
7743
4496
3105
3109
7638
3106
3108
3942
3119
3941
3108
4498
4504
3109
4503
7641
3111
4507
4506
7740
3113
3114
4506
4505
4811
3116
3123
7280
3117
3118
3951
3950
4826
3120
7737
3120
3952
7467
3951
7734
3122
4510
3123
7286
7283
3125
3129
4843
3126
3128
7689
7686
3128
7539
3129
7542
4838
3131
4521
7683
4520
7431
3133
3139
7301
3134
3135
3981
3980
4862
3137
7758
3137
3982
3981
7755
4525
7295
7298
3141
3146
4585
3142
4584
4590
4589
4889
4891
3365
3385
4892
4894
4895
4897
3161
7332
3364
3571
5384
5386
3570
4898
4900
3740
4901
4903
3745
4903
5387
5389
3744
4904
4906
4037
4786
4907
4909
4696
4910
4912
5390
5392
4577
4916
4918
4042
4909
4919
4921
4041
4922
4924
4925
4927
3160
3179
7304
3174
7313
4585
7307
3186
7310
3166
3196
7316
3165
3167
4885
3166
7761
4880
3197
7512
3173
4928
4930
3170
3172
3873
4928
4929
3872
4785
4786
4907
3172
4787
4788
4792
4915
4791
4932
4933
4931
4933
3175
3179
3176
3178
4866
3183
4865
3178
4141
4369
3179
4140
3181
3185
7764
3182
3184
4143
4142
4931
3184
4870
3185
4869
7767
3187
3190
3188
3189
4146
4145
4925
3190
3192
7765
7608
3192
4147
4930
3193
4146
7319
3195
4279
3196
4278
4881
4880
3198
4885
3199
4284
4884
4283
5393
5395
3203
3223
5396
5398
5399
5401
5402
5404
3206
3226
5405
5407
5408
5410
5411
5413
3209
5414
5416
5417
5419
5420
5422
3212
5423
5425
5426
5428
5429
5431
3215
5432
5434
5435
5437
5438
5440
3218
3238
5441
5443
5444
5446
5447
5449
3241
5450
5452
5453
5455
5456
5458
3224
3244
5459
5461
5462
5464
5465
5467
3247
5468
5470
5471
5473
3228
4534
5473
3229
4533
4539
4538
5411
3231
4540
6730
3232
3444
6725
3443
5420
3234
3445
3994
6793
3235
3993
3999
3998
5429
5474
5476
3239
3259
5477
5479
5480
5482
5483
5485
3262
5486
5488
5489
5491
5492
5494
3245
3265
5495
5497
5498
5500
5501
5503
3268
5131
5504
5506
5507
5509
3448
5509
6731
6733
3447
5510
5512
4532
5513
5515
3454
5516
5518
5519
5521
3437
5522
5524
3460
4003
5525
5527
3256
4002
4008
5525
5526
6593
4007
5291
6734
6736
3260
3280
5531
5533
5534
5536
5537
5539
3283
5540
5542
5543
5545
5546
5548
3266
3286
5549
5551
5552
5554
5555
5557
3289
5143
5558
5560
4985
5561
5563
3472
5563
5564
5566
3471
5567
5569
3446
5570
5572
3273
4543
3274
4542
4548
4547
5135
3276
4012
3277
4011
4017
3461
4016
6737
6739
3281
3298
5576
5578
5579
5581
5582
5584
3301
5585
5587
5588
5590
5591
5593
3287
3304
5594
5596
5597
5599
5600
5602
3307
6740
6742
5000
5606
5608
3490
5608
5609
5611
3489
5612
5614
3470
5615
5617
3294
4021
5158
3295
4020
3479
5159
5618
6824
6825
3299
3316
5621
5623
5624
5626
5627
5629
3319
5630
5632
5633
5635
5636
5638
3305
3322
5639
5641
5642
5644
5645
5647
6743
6745
6746
6748
3511
5653
5654
5656
3510
5245
5657
5659
3488
5240
5660
5662
3312
4552
4670
3313
4551
4554
3500
4553
5663
5665
3317
3331
5666
5668
5669
5671
5672
5674
3334
5675
5677
5678
5680
5681
5683
3337
5684
5686
5687
5689
3324
4030
5689
3325
4029
4035
4034
5645
3559
5690
5692
3558
3564
5693
5695
3563
5696
5698
5699
5701
3332
3349
5702
5704
5705
5707
5708
5710
3352
5711
5713
5714
5716
5717
5719
3355
5720
5722
5723
5725
3339
4567
5725
3340
4566
4572
4028
4571
3342
4576
5356
3343
4575
4581
3527
4580
5726
5728
3347
3367
5729
5731
5732
5734
5735
5737
3350
3370
5738
5740
5741
5743
5744
5746
3373
5747
5749
5750
5752
5753
5755
3356
3376
5756
5758
5759
5761
5762
5764
3379
5765
5767
5768
5770
3360
4594
5770
3361
4593
4599
3566
4598
6172
3363
4600
4891
3364
4890
4896
4895
5386
5771
5773
3368
3388
5774
5776
5777
5779
5780
5782
3371
3391
5783
5785
5786
5788
5789
5791
3394
5792
5794
5795
5797
5798
5800
3377
3397
5801
5803
5804
5806
5807
5809
3380
3400
5810
5812
5813
5815
5816
5818
3383
3403
5819
5821
5822
5824
5825
5827
3386
3406
5828
5830
5831
5833
5834
5836
3389
3409
5837
5839
5840
5842
5843
5845
3392
3412
5846
5848
5849
5851
5852
5854
3415
5855
5857
5858
5860
5861
5863
3398
3418
5864
5866
5867
5869
5870
5872
3401
3421
5873
5875
5876
5878
5879
5881
3404
3424
5882
5884
5885
5887
5888
5890
3407
3427
5891
5893
5894
5896
5897
5899
3410
3430
5900
5902
5903
5905
5906
5908
3413
3433
5909
5911
5912
5914
5915
5917
3436
5918
5920
5921
5923
5924
5926
3419
5927
5929
5930
5932
5933
5935
3422
5936
5938
5939
5941
5942
5944
3425
5945
5947
5948
5950
5951
5953
3428
5954
5956
5957
5959
5960
5962
3431
5963
5965
5966
5968
5969
5971
3434
5972
5974
5975
5977
5978
5980
5981
5983
5984
5986
3438
4603
5522
3439
4602
6729
5345
6728
3441
5293
6718
3442
4047
6717
3458
4046
6013
3444
5425
3445
6721
6716
5987
5989
5990
5992
5504
6749
6751
3751
5993
5995
3750
3756
5996
5998
3755
5999
6001
3453
5347
5362
3454
4608
5361
4607
5518
6680
6002
6004
3759
6005
6007
3758
5132
6008
6010
6011
6013
6014
6016
6017
6019
3462
4612
3463
4611
4617
4616
3469
5530
6020
6022
3468
6023
6025
3485
5210
6026
6028
3997
6029
6031
6032
6034
4973
6752
6754
6035
6037
6038
6040
5558
6041
6043
4054
6044
6046
3475
4053
4059
6044
6045
3494
4058
5145
5146
3477
4621
5134
3478
4620
4626
4543
4625
3480
3481
4062
4061
5144
3487
5575
6047
6049
3486
5218
6050
6052
3506
5213
6053
6055
5185
6056
6058
5180
6059
6061
4988
6062
6064
5224
6065
6067
6068
6070
6713
5603
6071
6073
3492
4630
3493
4629
4635
3512
4634
3495
4072
5156
5157
4071
4077
6075
6076
4076
6074
6076
3498
4639
3499
4638
4644
3515
4643
3501
4081
3502
4080
4086
4085
4639
6617
3508
5620
6077
6079
3507
5230
6080
6082
3524
6083
6085
5191
6086
6088
5186
6089
6091
5003
6092
6094
5239
6095
6097
5234
6098
6100
5648
6101
6103
3513
4648
3514
4647
4653
4652
3516
4666
3517
4665
4671
4670
3519
4096
5032
5171
5172
4095
4101
6105
6106
4100
6104
6106
3526
5665
6755
6757
3525
6107
6109
3563
6110
6112
6113
6115
6116
6118
5018
6758
6760
3528
4105
3529
4104
4110
4109
5297
3531
3835
5197
3532
3834
3840
6508
3839
5204
6119
6121
3705
6122
6124
3704
5030
6125
6127
3537
3613
4123
3538
4122
4128
4127
3544
6061
6128
6130
3543
6131
6133
3617
6134
6136
3586
6137
6139
6140
6142
6056
6143
6145
3546
3640
3547
4137
4136
5225
3549
4675
5233
3550
4674
4680
4679
3556
6091
6146
6148
3555
6149
6151
3647
6152
6154
3616
6155
6157
6158
6160
6086
6161
6163
3562
5044
6761
6763
3561
6164
6166
6167
6169
3561
3565
5701
3562
3564
6166
6767
5732
6761
6764
6766
6767
6769
5033
6767
6768
6170
6172
6173
6175
6724
4568
6176
6178
3574
5728
6770
6772
3573
6179
6181
4895
6773
6775
6776
6778
6185
6187
5042
6188
6190
3576
3877
5260
3577
3876
4798
6527
3707
4793
3583
6191
6193
6194
6196
3590
6197
6199
3582
4156
5296
3583
4155
5383
4871
6193
3589
6028
6200
6202
3588
6203
6205
6206
6208
4006
6209
6211
6212
6214
6023
6200
6212
6213
3591
4165
6197
3592
4164
5325
5294
5324
3594
3610
4171
3595
4170
4176
4175
4189
6635
3601
6040
6216
6217
3600
6215
6217
3605
6218
6220
3631
6221
6223
6224
6226
6035
6224
6225
3607
5572
6228
6229
3606
6227
6229
3755
6230
6232
6233
6235
6236
6238
5567
6236
6237
3609
4127
4180
3610
4179
4185
4184
3612
4189
3613
4188
4194
4193
3619
6055
6239
6241
3618
6242
6244
6245
6247
6248
6250
6251
6253
6050
6254
6256
3637
3901
5219
5220
6258
6259
3900
3906
6257
6259
3905
6260
6262
3628
6070
6779
6781
3627
6263
6265
3632
6266
6268
3664
6269
6271
6272
6274
6065
6275
6277
3634
5617
6279
6280
3633
6278
6280
6281
6283
6284
6286
6287
6289
5612
6287
6288
4204
6290
6292
3637
4203
4209
6290
6291
4208
5226
5227
3639
4213
5221
3640
4212
3642
3643
4215
4214
5231
3649
6085
6294
6295
6784
3648
6293
6295
3737
6296
6298
6299
6301
6302
6304
6080
6782
6784
3916
6305
6307
3915
3921
6308
6310
3920
6311
6313
3654
3670
4219
3655
4218
4224
4223
3661
6100
6314
6316
3660
6317
6319
3665
6320
6322
3688
6323
6325
6326
6328
6095
6329
6331
3667
5662
6332
6334
3666
6335
6337
6338
6340
6341
6343
6344
6346
5657
6347
6349
3669
4228
3670
4227
4233
4232
3672
3679
4237
6646
3673
4236
4242
4241
5312
3675
3700
4246
3676
4245
3678
3955
5254
3679
3954
4825
4820
3681
4699
5320
3682
4698
4704
3689
4703
3684
3871
4252
3685
4251
4257
4256
5315
4564
6350
6352
5269
6353
6355
6356
6358
3690
4708
3691
4707
4713
4712
5351
3693
4261
5275
3694
4260
4266
4265
5255
6359
6361
3978
6362
6364
3977
5270
6362
6363
3699
4717
3700
4716
4722
4721
3702
4270
5272
3703
4269
4275
4274
4684
6656
5692
6127
6366
6367
6365
6367
3833
6368
6370
3708
4726
6691
3709
4725
4731
4730
5363
3711
3844
4741
3712
4740
4746
4745
3718
6142
6372
6373
3717
6371
6373
3848
6374
6376
3717
3766
4018
3718
4013
6373
6137
3720
3853
3721
4296
4295
5306
3723
3862
4300
3724
4299
3730
6160
6378
6379
3729
6377
6379
3857
6380
6382
3778
6383
6385
6386
6388
6155
6386
6387
3736
4102
6389
6391
3735
6392
6394
6395
6397
3735
3739
6118
3736
3738
6394
6401
4097
6389
6398
6400
6401
6403
6113
6401
6402
3741
5389
3742
4908
5388
3872
4907
3748
6187
6404
6406
3747
6407
6409
4898
6410
6412
6413
6415
6416
6418
6182
6419
6421
3754
4609
6422
6424
3753
6425
6427
6428
6430
3753
3757
5992
3754
3756
6427
6785
4604
6422
6431
6433
6785
6787
5987
6785
6786
5995
6010
6435
6436
6434
6436
3875
6437
6439
3762
3886
3763
4317
4316
5261
3765
3769
6208
3766
3768
4615
4610
3768
3772
4168
3769
3771
6443
6203
6440
6442
6443
6445
4163
5262
5263
6443
6444
3774
4321
5305
3775
4320
4326
3890
4325
3781
6247
6447
6448
3780
6446
6448
6449
6451
3895
6452
6454
6455
6457
6242
6455
6456
3787
3907
6458
6460
3786
6461
6463
6464
6466
3786
3790
6274
3787
3789
6463
3902
6458
3789
3805
4636
3790
4631
6269
3792
4336
5266
3793
4335
3908
3795
3913
3796
4341
4340
5309
3802
6328
6468
6469
3801
6467
6469
3926
6470
6472
3823
6473
6475
6476
6478
6323
6476
6477
3804
3808
6340
3805
3807
4651
4646
3807
3934
4756
3808
4751
6335
3810
4750
3811
4749
4755
3929
4754
4552
4672
6480
6481
6479
6481
3953
6482
6484
3816
4360
3817
4359
4365
3965
4364
3819
4141
4369
3820
4368
4374
4373
5336
3826
6358
6486
6487
3825
6485
6487
6488
6490
3970
6491
6493
6494
6496
5268
5269
6353
6494
6495
3828
4759
3829
4758
4764
4763
3831
3982
3832
4386
4385
5339
3838
6788
6790
3835
3837
6500
6788
6789
6167
3841
6497
6499
3840
6500
6502
6503
6505
5273
5274
6184
6507
6508
6506
6508
6509
6511
3843
4768
3844
4767
4773
4772
3850
6136
6513
6514
3849
6512
6514
3896
6515
6517
6518
6520
6521
6523
6131
6521
6522
3852
4396
5332
3853
4395
3855
3859
6154
3856
3858
4678
3920
4673
3858
4405
6380
3859
4400
6149
3861
4399
3862
4398
4404
4403
3864
3868
4408
3865
4407
4413
4412
5342
3867
4420
5290
3868
4419
3870
4777
5359
3871
4776
4782
4781
3873
3874
4791
4790
6524
6526
6527
6529
6428
6527
6528
3879
4795
5371
3880
4794
4800
4799
3882
3883
4434
4160
4433
3885
4438
3886
4437
4443
4442
3888
4279
3889
4452
4451
3891
4456
3892
4455
4461
4460
5327
3898
6253
6531
6532
3897
6530
6532
6533
6535
6536
6538
6539
6541
6248
6539
6540
3900
3904
6268
3901
3903
6259
4208
3903
3907
6550
3904
3906
6545
6263
6542
6544
6545
6547
6548
6550
3909
3910
4470
4469
5279
3912
4474
5284
3913
4473
3915
3919
4087
5282
5283
3918
6310
6552
6553
6551
6553
3918
3922
6304
3919
3921
4082
3921
6313
3922
6308
6299
3928
6322
6555
6556
3927
6554
6556
3935
6557
6559
6560
6562
6563
6565
6317
6563
6564
3930
4486
3931
4485
4491
4490
3933
3937
6346
3934
3936
4489
4484
3936
4234
6557
3937
4229
6341
3939
4495
3940
4494
4500
3947
4499
3942
3952
3943
4503
4502
5333
4663
4819
6567
6568
6566
6568
3989
6569
6571
3948
4813
3949
4812
4818
4817
3951
3961
3952
3954
4516
6482
3955
4511
6395
3957
4510
3958
4509
4515
4514
3960
4822
5335
3961
4821
4827
4826
3963
4831
3964
4830
4836
3971
4835
3966
4840
3967
4839
4845
4844
4711
6572
6574
6575
6577
6578
6580
3972
4849
3973
4848
4854
4853
3975
4858
5341
3976
4857
4863
3980
4862
3978
6499
3979
4861
6362
4259
4856
3981
3982
3988
4276
5288
5289
6582
6583
3987
6581
6583
6584
6586
3987
3991
6124
3988
3990
6583
4271
3990
4723
6569
3991
4718
6119
3997
6587
6589
3996
6587
6588
6792
6793
6791
6793
3996
4000
5476
3999
6795
6796
6794
6796
3999
5434
4000
4961
4006
6590
6592
4005
6593
6595
6596
6598
4005
4009
6034
4006
4008
6595
6211
6590
4008
6589
4009
6029
4011
4015
4294
4012
4014
4014
4018
4015
4017
4289
4017
4612
4018
4020
4297
4021
6074
4023
4027
6388
4024
4026
4301
4026
4066
4027
6383
4029
4033
4030
4032
5684
4036
6599
6601
4033
4035
6599
6600
4571
5298
5299
4035
5300
5301
5650
6603
6604
6602
6604
4038
4921
4039
4920
4926
4145
4925
4041
4045
6418
4042
4044
4924
6608
4904
4919
6605
6607
6608
6610
6413
6608
6609
4047
5321
4048
6720
4601
6719
4050
4318
4051
4616
4053
4057
4177
5303
5304
4056
6612
6613
6611
6613
4056
4060
6226
4057
4059
4172
4059
4072
4060
6221
4062
6046
4063
4319
4065
4069
6451
4066
4068
4068
4330
4069
6446
4071
4075
6283
4072
4074
4074
4078
4207
4075
4077
6278
6614
6616
4078
6614
6615
4202
5307
5308
4080
4084
6298
4081
4083
4553
4083
4087
4084
4086
6293
6617
6619
4087
6617
6618
5310
5311
4089
4093
6478
4090
4092
4346
4092
4114
4093
6473
4095
4099
6112
4096
4098
5696
4098
4102
6625
4099
4101
6107
6620
6622
6620
6621
6624
6625
6623
6625
4108
6626
6628
4105
4107
6626
6627
4580
5316
5317
4107
4111
4561
5318
5319
4110
6630
6631
6629
6631
4110
6601
4111
4556
4113
4117
6490
4114
4116
4116
4378
4117
6485
4119
4765
4120
4589
4122
4126
4123
4125
4193
4125
4129
4771
4126
4128
4128
4129
4766
4131
4135
6517
4132
4134
4199
4134
4390
4135
6512
4137
6292
4138
4394
4140
4867
5380
4141
4866
4143
4789
4144
4869
4868
5375
4146
4147
4784
4149
4153
4451
4150
4152
5208
4736
5207
4152
5323
6016
4153
5322
4804
4155
4159
6019
4156
4158
6596
6632
6634
4159
5381
6632
6633
6014
4161
4873
4162
4872
4875
4874
4164
4168
4165
4167
4438
4167
5326
6214
4168
5325
4170
4174
6220
4171
4173
4184
4173
4177
4174
4176
6215
6635
6637
4177
6635
6636
5328
5329
4179
4183
4627
4180
4182
4768
4182
4186
6238
4183
4185
4622
4185
4186
6233
4188
4192
4462
4189
4191
4191
4195
4192
4194
4457
4194
4195
4197
4201
6541
4198
4200
4466
4200
4201
6536
4203
4207
5330
5331
4206
6639
6640
6638
6640
4206
4210
6289
4207
4209
4209
4210
6284
4212
4471
4213
6260
4215
6307
4216
4472
4218
4222
6559
4219
4221
4232
4221
4225
4480
4222
4224
6554
4224
4225
4475
4227
4231
4492
4228
4230
4230
4234
4231
4233
4487
4233
4234
4240
6641
6643
4239
6641
6642
6645
6646
6644
6646
4239
4243
4660
4242
6648
6649
6647
6649
4242
6622
4243
4655
4245
4249
6571
4246
4248
4721
4248
4507
4249
6566
4255
6650
6652
4252
4254
6650
6651
4781
5337
5338
4254
4258
4702
4255
4257
4360
6650
4257
6628
4258
4697
4260
4264
4261
4263
6509
4267
6653
6655
4264
4266
6653
6654
4858
5340
5341
4266
6415
4267
4759
6653
4269
4273
6370
4270
4272
6503
4272
4276
4273
4275
6365
6656
6658
4276
6656
6657
5343
5344
4278
4879
4279
4878
4729
6659
6661
6662
6664
4733
4877
6662
6663
4284
4285
4887
4886
5369
4287
4291
6376
4288
4290
4391
4290
4294
4291
4293
6371
4293
4294
4296
6616
4297
4299
4303
6382
4300
4302
4403
4302
4303
6377
4305
4309
6007
4306
4308
4313
4308
4309
6002
4311
4315
6439
4312
4314
4427
4314
4315
6434
4317
6442
4318
4320
4324
4321
4323
6611
4323
4327
4324
4326
4326
4456
4327
4329
4333
6457
4330
4332
4332
4465
4333
6452
4335
4336
6464
4338
4342
4642
4339
4341
4341
6619
4342
4637
4344
4348
6472
4345
4347
4481
4347
4348
6467
4350
4669
4351
4355
4353
4357
6484
4354
4356
4514
4356
4357
6479
4359
4363
4375
4360
4362
4362
4366
4363
4365
4370
4365
4840
4366
4368
4372
4369
4371
4371
4375
4372
4374
4374
6652
4375
4377
4381
6496
4378
4380
4380
4519
4381
6491
4383
4387
4762
4384
4386
4386
6655
4387
4757
4389
4393
6523
4390
4392
4392
4393
6518
4395
4396
6638
4398
4402
4681
4399
4401
4401
4405
4402
4404
4676
4404
4405
4407
4411
4408
4410
4410
4414
4687
4411
4413
4413
6658
4414
4682
4416
4690
4417
4529
4419
4420
6584
4422
4426
4801
4423
4425
4425
4429
6529
4426
4428
4796
4428
4429
6524
4431
4435
6196
4432
4434
4434
4873
4435
6191
4437
4441
6199
4438
4440
4440
4444
4441
4443
6194
4443
4444
4446
4810
4447
4874
4449
4453
4807
4450
4452
4452
4453
4802
4455
4459
4456
4458
4458
4462
4459
4461
4461
6637
4462
4464
4468
6535
4465
4467
4467
4468
6530
4470
6544
4471
4473
4474
6551
4476
4480
4477
4479
4479
4483
6565
4480
4482
4482
4483
6560
4485
4489
4486
4488
4754
4488
4492
4489
4491
4491
4492
4494
4498
4504
4495
4497
6647
4497
4501
4498
4500
4500
4813
4501
4503
6643
4504
4506
4816
4507
4509
4513
4828
4510
4512
4512
4516
4513
4515
4823
4515
4516
4518
4522
6580
4519
4521
4521
4522
6575
4524
4528
4864
4525
4527
4527
4531
6364
4528
4530
4859
4530
4531
6359
4533
4537
5513
6667
4534
4536
5468
4540
6797
6799
4539
6666
6667
6797
6798
6665
6667
4539
5416
4540
6797
4542
4546
4747
4543
4545
4545
4549
4546
4548
4742
4548
6004
4549
4551
5350
6397
4552
5349
4554
4555
5349
5348
6398
4557
4561
4558
4560
5028
5027
6602
4564
6668
6670
4561
4563
6668
6669
5352
5353
4563
5029
6097
5028
6801
6802
6800
6802
4566
4570
5056
4567
4569
5720
4573
6803
6805
4570
4572
6803
6804
5768
4572
5354
5355
6672
6673
6671
6673
4575
4579
6178
4576
4578
6671
4582
6674
6676
4579
4581
6674
6675
6173
6723
6724
4581
5357
5358
6678
6679
6677
6679
4584
4588
4927
4585
4587
4587
4591
6610
4588
4590
4922
4590
4591
6605
4593
4597
5074
4594
4596
5765
4596
4600
4891
4597
4599
5822
4599
5366
4600
4602
6727
4603
6726
5374
4605
4609
6685
4606
4608
5361
5360
5510
6680
6682
6680
6681
6684
6685
6683
6685
4611
4615
4612
4614
4614
4618
6445
4615
4617
4617
4618
6440
4620
4624
6232
4621
4623
5999
4623
4627
4624
4626
6227
4626
4745
4627
4629
4633
6466
4630
4632
4632
4636
4633
4635
6461
4635
4648
4636
4638
4642
4639
4641
4641
4645
4642
4644
4644
4666
4645
4647
4651
4648
4650
4650
4654
4753
4651
4653
4653
4654
4748
4656
4660
4657
4659
5169
5168
6104
4659
4663
4817
4660
4662
4662
5170
6121
4663
5169
4665
4669
4666
4668
4668
4672
6481
4669
4671
4671
4672
4674
4678
4675
4677
6311
4677
4681
4678
4680
4680
4681
4683
4687
4684
4686
5193
5192
4686
4690
4687
4689
4689
5194
6361
4690
5193
4692
4696
4790
4693
4695
5199
4901
5198
4695
5368
6175
4696
5367
4912
4698
4702
4699
4701
6629
4701
4705
4844
4702
4704
4704
4708
4705
4831
4707
4711
4853
4708
4710
4710
4714
6355
4711
4713
6574
4713
6670
4714
6350
4716
4720
6586
4717
4719
4719
4723
4720
4722
6581
4722
4723
4729
6686
6688
4728
6686
6687
6690
6691
6689
6691
4728
4732
5521
4729
4731
6661
6686
4731
6682
4732
5516
4734
4738
4735
4737
5373
5372
5519
4737
5251
4738
5250
4879
4740
4744
4741
4743
4772
4743
4747
4744
4746
4746
4747
4749
4753
4750
4752
4752
4756
4753
4755
4755
4756
4758
4762
4759
4761
4761
4765
4762
4764
4764
6607
4765
4767
4771
4768
4770
4770
4774
4771
4773
4773
4774
4776
4780
4918
4777
4779
6677
4783
6692
6694
4780
4782
6692
6693
4913
5376
5377
4782
5378
5379
6696
6697
6695
6697
4785
4930
4786
4929
4788
5392
4789
4932
4931
4791
4792
4910
4794
4798
4795
4797
6689
4797
4801
4798
4800
4800
4801
4803
4807
4804
4806
4806
4810
4807
4809
4809
6634
4810
4812
4816
4813
4815
4815
4819
6568
4816
4818
4818
4819
4821
4825
4822
4824
6644
4824
4828
4825
4827
4827
4828
4830
4834
4846
4831
4833
4833
4837
4834
4836
4841
4836
4849
4837
4839
4843
4840
4842
4842
4846
4843
4845
4845
4846
4848
4852
4849
4851
4851
4855
6577
4852
4854
4854
4855
6572
4857
4861
4858
4860
4860
4864
4861
4863
4863
4864
4866
4870
4867
6695
4869
6694
4870
4872
5383
4873
5382
4875
4876
5382
5381
6632
4878
4882
4879
4881
4881
4882
6662
4884
4888
6664
4885
4887
4887
6688
4888
6659
4890
4894
5077
4891
4893
4893
4897
5773
4894
4896
5831
4896
6773
4897
5057
4899
4903
6410
4900
4902
5385
5384
6179
4902
5203
4903
5202
5389
4905
4909
4906
4908
5388
5387
6407
4908
4909
4921
4911
4915
4912
4914
5277
5276
4914
4918
5390
5391
4915
4917
5391
5392
4917
5278
6676
4918
5277
4920
4924
4921
4923
4923
4927
4924
4926
4926
4927
4929
4933
4930
4932
4933
4935
5395
4936
5394
5400
5399
4938
5401
5404
4939
5403
5409
5408
4941
5410
5413
4942
5412
5418
5417
4944
5419
5422
4945
5421
5427
5426
4947
5428
5431
4948
5430
5436
5435
4950
5437
5440
4951
5439
5445
5444
4953
5446
5449
4954
5448
5454
5453
4956
5458
4957
5457
5463
5393
5462
4959
5464
5467
4960
5466
5472
5402
5471
4962
5476
4963
5475
5481
5438
5480
4965
5482
5485
4966
5484
5490
5447
5489
4968
5494
4969
5493
5499
5456
5498
4971
5500
5503
4972
5502
5508
5465
5507
4974
5530
6752
6817
4975
5529
5535
5474
5534
4977
5536
5539
4978
5538
5544
5483
5543
4980
5548
4981
5547
5553
5492
5552
4983
5554
5557
4984
5556
5562
5501
5561
4986
5566
4987
5565
5571
5129
5570
5575
6806
6808
4990
5574
5580
6806
6807
5528
5579
6699
6700
4992
5581
5584
4993
5583
5589
5537
5588
4995
5593
4996
5592
5598
5546
5597
4998
5599
5602
4999
5601
5607
5555
5606
5001
5611
5002
5610
5616
5141
5615
5620
6809
6811
5005
5619
5625
6809
6810
5573
5624
6702
6703
5007
5626
5629
5008
5628
5634
5582
5633
5010
5638
5011
5637
5643
5591
5642
5013
5644
5647
5014
5646
5652
5600
5651
5016
5656
6748
5017
5655
5661
5153
5660
5019
5665
6758
5020
5664
5670
5618
5669
5022
5671
5674
5023
5673
5679
5627
5678
5025
5683
5026
5682
5688
5636
5687
5028
5302
5029
5165
5031
5692
6125
5032
5691
5697
5696
5034
5701
5035
5700
5706
5663
5705
5037
5707
5710
5038
5709
5715
5672
5714
5040
5719
5041
5718
5724
5681
5723
5728
6812
6814
5044
5727
5733
6812
6813
5732
6705
6706
6763
5046
5734
5737
5047
5736
5742
5699
5741
5049
5743
5746
5050
5745
5751
5708
5750
5052
5755
5053
5754
5760
5717
5759
5055
5761
5764
5056
5763
5769
5768
5058
5773
5059
5772
5778
5726
5777
5061
5779
5782
5062
5781
5787
5735
5786
5064
5788
5791
5065
5790
5796
5744
5795
5067
5800
5068
5799
5805
5753
5804
5070
5806
5809
5071
5808
5814
5762
5813
5073
5815
5818
5074
5817
5823
5822
5076
5824
5827
5077
5826
5832
5831
5079
5833
5836
5080
5835
5841
5771
5840
5082
5842
5845
5083
5844
5850
5780
5849
5085
5851
5854
5086
5853
5859
5789
5858
5088
5863
5089
5862
5868
5798
5867
5091
5869
5872
5092
5871
5877
5807
5876
5094
5878
5881
5095
5880
5886
5816
5885
5097
5887
5890
5098
5889
5895
5825
5894
5100
5896
5899
5101
5898
5904
5834
5903
5103
5905
5908
5104
5907
5913
5843
5912
5106
5914
5917
5107
5916
5922
5852
5921
5109
5926
5110
5925
5931
5861
5930
5112
5932
5935
5113
5934
5940
5870
5939
5115
5941
5944
5116
5943
5949
5879
5948
5118
5950
5953
5119
5952
5958
5888
5957
5121
5959
5962
5122
5961
5967
5897
5966
5124
5968
5971
5125
5970
5976
5906
5975
5127
5977
5980
5128
5979
5985
5915
5984
5130
5989
5131
5988
6750
6749
5133
5995
6008
5134
5994
6000
5999
5136
6004
5137
6003
6009
6008
5139
6022
6736
5140
6021
6027
5150
6026
5142
6037
5143
6036
6042
6041
5145
6046
5146
6045
5156
5148
6049
6739
5149
6048
6054
5162
6053
5151
6058
5152
6057
6063
6062
6698
5154
6067
5155
6066
6072
6071
6740
5157
5158
6075
6074
5160
6079
5161
6078
6084
5174
6083
5163
6088
5164
6087
6093
6092
6701
5166
6097
5167
6096
6102
6101
6743
5169
5173
5170
5177
5172
5173
6105
6104
5175
6115
5176
6114
6759
6758
5178
6121
5179
6120
6126
6125
5181
6130
5182
6129
6135
5216
6134
5184
5212
6139
5185
6138
6144
6143
5187
6148
5188
6147
6153
5228
6152
5190
5215
6157
5191
6156
6162
6161
5193
5194
5196
6706
6763
5197
6168
6762
6167
5199
5203
5200
5367
5366
5202
5386
5203
5385
5205
6184
5206
6183
6189
6188
6704
5208
5251
5209
5322
5321
5211
6202
5212
6201
6207
6206
5214
6241
5215
6240
6246
6245
5217
6250
5218
6249
6255
6254
5220
5227
5221
6261
6260
5223
5242
6271
5224
6270
6276
6275
5226
6292
5227
6291
5229
6301
5230
6300
6783
6782
5232
6307
5233
6306
6312
6311
5235
6316
5236
6315
6321
5243
6320
5238
5248
6325
5239
6324
6330
6329
5241
6334
5242
6333
6339
6338
5244
6343
5245
6342
6348
6347
5247
6352
5248
6351
6357
6356
5250
5374
5251
5373
5253
5314
6391
5254
6390
6396
6395
5256
6415
5257
6414
6420
6419
6776
5259
5365
6424
5260
6423
6429
6428
5262
6442
5263
6441
5265
5281
6460
5266
6459
6465
6464
5268
5287
6493
5269
6492
5271
6499
5272
6498
6504
6503
5274
6778
5275
6510
6509
5277
5278
6722
5280
6544
5281
6543
6549
6548
5283
5311
5284
6552
6551
5286
6574
5287
6573
6579
6578
5289
5344
5290
6585
6584
5292
6589
5293
6588
6792
6791
5295
6592
5296
6591
6597
6596
5298
6601
5299
6600
5354
5301
6745
5302
6603
6602
5304
5329
5305
6612
6611
5307
6616
5308
6615
5330
5310
6619
5311
6618
5313
6622
5314
6621
6624
6623
5316
6628
5317
6627
5357
5319
5353
5320
6630
6629
5322
5323
6011
5325
6592
5326
6209
5328
6637
5329
6636
5331
5332
6639
6638
5334
6643
5335
6642
6645
6644
5337
6652
5338
6651
5378
5340
6655
5341
6654
5343
6658
5344
6657
5346
6799
5347
6666
6798
6665
5349
6403
5350
6392
5352
6670
5353
6669
5355
5356
6672
6671
5358
5359
6678
6677
5361
5515
5362
6665
5364
6682
5365
6681
6684
6683
5367
5368
6170
5370
6688
5371
6687
6690
6689
5373
5524
5374
5376
6694
5377
6693
5390
5379
5380
6696
6695
5382
5383
5385
6775
5386
5388
6412
5389
5391
5392
5394
5398
5395
5397
5397
5401
5404
5398
5400
5462
5400
5401
5403
5407
5404
5406
5406
5410
5413
5407
5409
5471
5409
5410
5412
5416
5413
5415
5415
5419
5422
5416
5418
5418
5419
5421
5425
5422
5424
5424
5428
5431
5425
5427
5427
5428
5430
5434
5431
5433
5433
5437
5440
5434
5436
5436
5437
5439
5443
5440
5442
5442
5446
5449
5443
5445
5480
5445
5446
5448
5452
5449
5451
5451
5455
5452
5454
5489
5454
5455
5457
5461
5458
5460
5460
5464
5467
5461
5463
5498
5463
5464
5466
5470
5467
5469
5469
5473
5470
5472
5507
5472
5473
5475
5479
5476
5478
5478
5482
5485
5479
5481
5534
5481
5482
5484
5488
5485
5487
5487
5491
5488
5490
5543
5490
5491
5493
5497
5494
5496
5496
5500
5503
5497
5499
5552
5499
5500
5502
5506
5503
5505
5505
5509
6749
5506
5508
5561
5508
5509
6733
5511
5515
5512
5514
6732
5990
6731
5514
5515
5517
5521
5518
5520
5520
5524
5521
5523
5523
5524
5526
6598
5527
6017
5529
5533
6734
6735
5532
6816
6817
6815
6817
5532
5536
5539
5533
5535
5579
5535
5536
5538
5542
5539
5541
5541
5545
5542
5544
5588
5544
5545
5547
5551
5548
5550
5550
5554
5557
5551
5553
5597
5553
5554
5556
5560
5557
5559
5559
5563
6041
5560
5562
5606
5562
5563
5566
5565
5569
6043
5566
5568
5568
5572
5569
5571
6038
5571
5989
5572
5574
5578
6737
6738
5577
6819
6820
6818
6820
5577
5581
5584
5578
5580
5624
5580
5581
5583
5587
5584
5586
5586
5590
5587
5589
5633
5589
5590
5592
5596
5593
5595
5595
5599
5602
5596
5598
5642
5598
5599
5601
5605
5602
5604
5608
6821
6823
5605
5607
6821
6822
5651
6741
6742
5607
5608
5611
6821
5610
5614
6073
5611
5613
5613
5617
5614
5616
6068
5616
6037
5617
5619
5623
5622
6825
6826
6824
6826
5622
5626
5629
5623
5625
5669
5625
5626
5628
5632
5629
5631
5631
5635
5632
5634
5678
5634
5635
5637
5641
5638
5640
5640
5644
5647
5641
5643
5687
5643
5644
5646
5650
5647
5649
5653
6827
6829
5650
5652
6827
6828
6744
6745
5652
6746
6747
6831
6832
6830
6832
5655
5659
6103
5656
5658
6830
5658
5662
6347
5659
5661
6098
5661
6067
5662
6334
5664
5668
5665
5667
6757
5667
5671
5674
5668
5670
5705
5670
5671
5673
5677
5674
5676
5676
5680
5677
5679
5714
5679
5680
5682
5686
5683
5685
5685
5689
5686
5688
5723
5688
5689
5691
5695
6169
5692
5694
5694
5698
6769
5695
5697
6164
5697
5698
6764
5700
5704
5701
5703
5703
5707
5710
5704
5706
5741
5706
5707
5709
5713
5710
5712
5712
5716
5713
5715
5750
5715
5716
5718
5722
5719
5721
5721
5725
5722
5724
5759
5724
5725
5727
5731
5728
5730
6772
6812
5730
5734
5737
5731
5733
5777
5733
5734
5736
5740
5737
5739
5739
5743
5746
5740
5742
5786
5742
5743
5745
5749
5746
5748
5748
5752
5749
5751
5795
5751
5752
5754
5758
5755
5757
5757
5761
5764
5758
5760
5804
5760
5761
5763
5767
5764
5766
5766
5770
5767
5769
5813
5769
5770
5772
5776
5773
5775
5775
5779
5782
5776
5778
5840
5778
5779
5781
5785
5782
5784
5784
5788
5791
5785
5787
5849
5787
5788
5790
5794
5791
5793
5793
5797
5794
5796
5858
5796
5797
5799
5803
5800
5802
5802
5806
5809
5803
5805
5867
5805
5806
5808
5812
5809
5811
5811
5815
5818
5812
5814
5876
5814
5815
5817
5821
5818
5820
5820
5824
5827
5821
5823
5885
5823
5824
5826
5830
5827
5829
5829
5833
5836
5830
5832
5894
5832
5833
5835
5839
5836
5838
5838
5842
5845
5839
5841
5903
5841
5842
5844
5848
5845
5847
5847
5851
5854
5848
5850
5912
5850
5851
5853
5857
5854
5856
5856
5860
5857
5859
5921
5859
5860
5862
5866
5863
5865
5865
5869
5872
5866
5868
5930
5868
5869
5871
5875
5872
5874
5874
5878
5881
5875
5877
5939
5877
5878
5880
5884
5881
5883
5883
5887
5890
5884
5886
5948
5886
5887
5889
5893
5890
5892
5892
5896
5899
5893
5895
5957
5895
5896
5898
5902
5899
5901
5901
5905
5908
5902
5904
5966
5904
5905
5907
5911
5908
5910
5910
5914
5917
5911
5913
5975
5913
5914
5916
5920
5917
5919
5919
5923
5920
5922
5984
5922
5923
5925
5929
5926
5928
5928
5932
5935
5929
5931
5931
5932
5934
5938
5935
5937
5937
5941
5944
5938
5940
5940
5941
5943
5947
5944
5946
5946
5950
5953
5947
5949
5949
5950
5952
5956
5953
5955
5955
5959
5962
5956
5958
5958
5959
5961
5965
5962
5964
5964
5968
5971
5965
5967
5967
5968
5970
5974
5971
5973
5973
5977
5980
5974
5976
5976
5977
5979
5983
5980
5982
5982
5986
5983
5985
5985
5986
5988
5992
5989
5991
5991
6751
5992
6750
5994
5998
6430
5995
5997
5997
6001
6787
5998
6000
6425
6000
6001
6431
6003
6007
6004
6006
6006
6010
6436
6007
6009
6009
6010
6012
6016
6013
6015
6015
6019
6016
6018
6018
6019
6021
6025
6754
6022
6024
6815
6024
6028
6025
6027
6032
6027
6058
6028
6202
6030
6034
6031
6033
6708
6707
6794
6033
6754
6034
6753
6036
6040
6037
6039
6039
6043
6040
6042
6042
6043
6045
6613
6046
6048
6052
6064
6049
6051
6818
6051
6055
6254
6052
6054
6059
6054
6088
6055
6241
6057
6061
6143
6058
6060
6060
6064
6061
6063
6130
6063
6808
6064
6066
6070
6275
6067
6069
6069
6073
6070
6072
6781
6072
6823
6073
6075
6076
6614
6078
6082
6094
6079
6081
6824
6081
6085
6782
6082
6084
6089
6084
6115
6085
6087
6091
6161
6088
6090
6090
6094
6091
6093
6148
6093
6811
6094
6096
6100
6329
6097
6099
6099
6103
6100
6102
6316
6102
6829
6103
6105
6106
6620
6108
6112
6109
6111
6756
6116
6755
6111
6766
6112
6114
6118
6115
6117
6117
6760
6118
6759
6120
6124
6121
6123
6123
6127
6367
6124
6126
6126
6127
6129
6133
6145
6130
6132
6132
6136
6133
6135
6140
6135
6250
6136
6138
6142
6139
6141
6206
6141
6145
6142
6144
6144
6145
6147
6151
6163
6148
6150
6150
6154
6151
6153
6158
6153
6301
6154
6156
6160
6157
6159
6245
6159
6163
6160
6162
6162
6163
6165
6169
6166
6168
6762
6761
6168
6169
6171
6175
6172
6174
6711
6710
6174
6178
6175
6177
6177
6712
6805
6178
6711
6180
6775
6181
6771
6774
6185
6770
6183
6187
6419
6776
6777
6184
6186
6777
6778
6186
6190
6187
6189
6406
6189
6814
6190
6770
6192
6196
6193
6195
6195
6199
6196
6198
6198
6199
6201
6205
6202
6204
6204
6208
6205
6207
6212
6207
6208
6210
6214
6211
6213
6213
6214
6216
6220
6217
6219
6224
6219
6235
6220
6222
6226
6223
6225
6281
6225
6226
6228
6232
6229
6231
6236
6231
6433
6232
6234
6238
6235
6237
6237
6238
6240
6244
6256
6241
6243
6243
6247
6244
6246
6251
6246
6247
6249
6253
6250
6252
6252
6256
6253
6255
6255
6256
6258
6262
6547
6259
6261
6261
6262
6542
6264
6268
6265
6267
6780
6272
6779
6267
6286
6715
6268
6714
6270
6274
6271
6273
6338
6273
6277
6274
6276
6276
6277
6779
6279
6283
6280
6282
6287
6282
6283
6285
6289
6286
6288
6288
6289
6291
6640
6292
6294
6298
6295
6297
6302
6297
6400
6298
6300
6304
6301
6303
6303
6784
6304
6783
6306
6310
6553
6307
6309
6309
6313
6310
6312
6312
6313
6315
6319
6331
6316
6318
6318
6322
6319
6321
6326
6321
6343
6322
6324
6328
6325
6327
6356
6327
6331
6328
6330
6330
6331
6333
6337
6349
6334
6336
6336
6340
6337
6339
6344
6339
6340
6342
6346
6343
6345
6345
6349
6346
6348
6348
6349
6351
6355
6352
6354
6800
6354
6358
6355
6357
6357
6358
6360
6364
6361
6363
6363
6364
6366
6370
6367
6369
6369
6790
6370
6372
6376
6373
6375
6375
6520
6376
6378
6382
6379
6381
6386
6381
6382
6384
6388
6385
6387
6449
6387
6388
6390
6394
6391
6393
6623
6393
6397
6394
6396
6396
6397
6399
6403
6400
6402
6402
6403
6405
6409
6421
6406
6408
6408
6412
6409
6411
6416
6411
6412
6414
6418
6415
6417
6417
6421
6418
6420
6420
6421
6423
6427
6424
6426
6683
6426
6430
6427
6429
6429
6430
6432
6787
6433
6786
6435
6439
6436
6438
6438
6526
6439
6441
6445
6442
6444
6444
6445
6447
6451
6448
6450
6455
6450
6451
6453
6457
6454
6456
6533
6456
6457
6459
6463
6460
6462
6548
6462
6466
6463
6465
6465
6466
6468
6472
6469
6471
6476
6471
6562
6472
6474
6478
6475
6477
6488
6477
6478
6480
6484
6481
6483
6483
6484
6486
6490
6487
6489
6494
6489
6490
6492
6496
6493
6495
6578
6495
6496
6498
6502
6511
6499
6501
6501
6505
6502
6504
6506
6504
6505
6788
6507
6511
6508
6510
6510
6511
6513
6517
6514
6516
6521
6516
6538
6517
6519
6523
6520
6522
6522
6523
6525
6529
6526
6528
6528
6529
6531
6535
6532
6534
6539
6534
6535
6537
6541
6538
6540
6540
6541
6543
6547
6544
6546
6546
6550
6547
6549
6549
6550
6552
6553
6555
6559
6556
6558
6563
6558
6559
6561
6565
6562
6564
6564
6565
6567
6571
6568
6570
6570
6571
6573
6577
6574
6576
6576
6580
6577
6579
6579
6580
6582
6586
6583
6585
6585
6586
6588
6796
6589
6591
6595
6592
6594
6594
6598
6595
6597
6597
6598
6600
6604
6601
6603
6604
6606
6610
6607
6609
6609
6610
6612
6613
6615
6616
6618
6619
6621
6622
6624
6625
6627
6631
6628
6630
6631
6633
6634
6636
6637
6639
6640
6642
6649
6643
6645
6646
6648
6649
6651
6652
6654
6655
6657
6658
6660
6664
6661
6663
6663
6664
6666
6667
6669
6802
6670
6672
6673
6803
6675
6679
6676
6723
6722
6678
6679
6681
6682
6684
6685
6687
6688
6690
6691
6693
6697
6694
6696
6697
6699
6808
6700
6807
6734
6702
6811
6703
6810
6737
6705
6814
6706
6813
6708
6709
6753
6752
6711
6712
6714
6781
6715
6780
6717
6721
6718
6720
6791
6720
6727
6721
6723
6724
6726
6730
6727
6729
6729
6799
6730
6732
6751
6733
6735
6736
6816
6815
6738
6739
6819
6818
6741
6823
6742
6822
6746
6744
6829
6745
6828
6747
6748
6831
6830
6750
6751
6753
6754
6756
6760
6757
6759
6760
6762
6763
6765
6769
6766
6768
6768
6769
6771
6772
6774
6775
6777
6778
6780
6781
6783
6784
6786
6787
6789
6790
6792
6793
6795
6796
6798
6799
6801
6802
6804
6805
6807
6820
6808
6810
6826
6811
6813
6814
6816
6817
6819
6820
6822
6823
6825
6826
6828
6832
6829
6831
6832
6834
6836
7019
6835
6837
7020
6838
7021
6837
7022
6838
7023
7024
6840
7329
7485
6841
7330
7486
7331
7487
6843
7037
7043
6844
7038
7044
7039
7045
6846
7046
7503
6847
7047
7504
7048
7505
6849
7052
7356
6850
7053
7357
7054
7358
6852
6863
7058
6853
6864
7059
6865
7060
6855
6869
7061
6856
6870
7062
6871
7063
6858
6872
7064
6859
6873
7065
6874
7066
6861
6875
7076
6862
6876
7077
6877
7078
6864
7079
6865
7080
7081
6867
7082
7085
6868
7083
7086
7084
7087
6870
7088
6871
7089
7090
6873
7091
6874
7092
7093
6876
7100
6877
7101
7102
6879
6881
7103
6880
6882
7104
6883
7105
6882
7566
6883
7567
7568
6885
7109
7362
6886
7110
7363
7111
7364
6888
7112
7386
6889
7113
7387
7114
7388
6891
6926
7115
6892
6927
7116
6928
7117
6894
7031
7118
6895
7032
7119
7033
7120
6897
6929
7121
6898
6930
7122
6931
7123
6900
6968
7130
6901
6969
7131
6970
7132
6903
7055
7139
6904
7056
7140
7057
7141
6906
6911
7145
6907
6912
7146
6913
7147
6909
6998
7148
6910
6999
7149
7000
7150
6912
7151
6913
7152
7153
6915
7154
7458
6916
7155
7459
7156
7460
6918
7001
7635
6919
7002
7636
7003
7637
6921
7007
7169
6922
7008
7170
7009
7171
6924
7010
7641
6925
7011
7642
7012
7643
6927
7175
6928
7176
7177
6930
7647
6931
7648
7649
6933
6935
7650
6934
6936
7651
6937
7652
6936
7178
6937
7179
7180
6939
6983
7181
6940
6984
7182
6985
7183
6942
6959
7187
6943
6960
7188
6961
7189
6945
6950
7190
6946
6951
7191
6952
7192
6948
6989
7193
6949
6990
7194
6991
7195
6951
7196
6952
7197
7198
6954
7124
7199
6955
7125
7200
7126
7201
6957
6995
7202
6958
6996
7203
6997
7204
6960
7208
6961
7209
7210
6963
6965
7211
6964
6966
7212
6967
7213
6966
7205
6967
7206
7207
6969
7214
6970
7215
7216
6972
7004
7217
6973
7005
7218
7006
7219
6975
6977
7677
6976
6978
7678
6979
7679
6978
7232
6979
7233
7234
6981
7238
7244
6982
7239
7245
7240
7246
6984
7701
6985
7702
7703
6987
6992
7719
6988
6993
7720
6994
7721
6990
7247
6991
7248
7249
6993
7250
6994
7251
7252
6996
7253
6997
7254
7255
6999
7256
7000
7257
7258
7002
7268
7003
7269
7270
7005
7265
7006
7266
7267
7008
7277
7009
7278
7279
7011
7743
7012
7744
7745
7014
7016
7289
7015
7017
7290
7018
7291
7017
7292
7018
7293
7294
7020
7112
7021
7113
7114
7023
7115
7024
7116
7117
7026
7028
7365
7027
7029
7366
7030
7367
7029
7127
7030
7128
7129
7032
7304
7033
7305
7306
7035
7335
7494
7036
7336
7495
7337
7496
7038
7040
7039
7041
7042
7041
7166
7042
7167
7168
7044
7169
7045
7170
7171
7047
7172
7048
7173
7174
7050
7503
7644
7051
7504
7645
7505
7646
7053
7175
7054
7176
7177
7056
7316
7057
7317
7318
7059
7178
7060
7179
7180
7062
7199
7063
7200
7201
7065
7214
7066
7215
7216
7068
7353
7530
7069
7354
7531
7355
7532
7071
7073
7094
7072
7074
7095
7075
7096
7074
7226
7075
7227
7228
7077
7229
7078
7230
7231
7080
7244
7081
7245
7246
7083
7695
7084
7696
7697
7086
7440
7087
7441
7442
7089
7722
7090
7723
7724
7092
7262
7093
7263
7264
7095
7097
7096
7098
7099
7098
7274
7099
7275
7276
7101
7277
7102
7278
7279
7104
7232
7105
7233
7234
7107
7569
7572
7108
7570
7573
7571
7574
7110
7295
7111
7296
7297
7113
7114
7116
7117
7119
7121
7120
7122
7123
7122
7123
7125
7127
7126
7128
7129
7128
7129
7131
7326
7132
7327
7328
7134
7136
7223
7135
7137
7224
7138
7225
7137
7596
7138
7597
7598
7140
7142
7141
7143
7144
7143
7620
7144
7621
7622
7146
7148
7147
7149
7150
7149
7150
7152
7154
7153
7155
7156
7155
7156
7158
7160
7259
7159
7161
7260
7162
7261
7161
7629
7162
7630
7631
7164
7166
7271
7165
7167
7272
7168
7273
7167
7168
7170
7171
7173
7404
7174
7405
7406
7176
7177
7179
7180
7182
7184
7183
7185
7186
7185
7368
7186
7369
7370
7188
7190
7189
7191
7192
7191
7192
7194
7196
7195
7197
7198
7197
7198
7200
7201
7203
7205
7204
7206
7207
7206
7207
7209
7211
7210
7212
7213
7212
7213
7215
7216
7218
7220
7219
7221
7222
7221
7674
7222
7675
7676
7224
7226
7225
7227
7228
7227
7228
7230
7386
7231
7387
7388
7233
7234
7236
7428
7680
7237
7429
7681
7430
7682
7239
7241
7240
7242
7243
7242
7692
7243
7693
7694
7245
7246
7248
7250
7249
7251
7252
7251
7252
7254
7256
7255
7257
7258
7257
7258
7260
7262
7261
7263
7264
7263
7264
7266
7268
7267
7269
7270
7269
7270
7272
7274
7273
7275
7276
7275
7276
7278
7279
7281
7283
7737
7282
7284
7738
7285
7739
7284
7286
7285
7287
7288
7287
7566
7288
7567
7568
7290
7473
7291
7474
7475
7293
7752
7294
7753
7754
7296
7298
7297
7299
7300
7299
7301
7300
7302
7303
7302
7758
7303
7759
7760
7305
7313
7306
7314
7315
7308
7310
7332
7309
7311
7333
7312
7334
7311
7608
7312
7609
7610
7314
7488
7315
7489
7490
7317
7761
7318
7762
7763
7765
7766
7321
7323
7482
7322
7324
7483
7325
7484
7324
7326
7325
7327
7328
7327
7328
7330
7332
7331
7333
7334
7333
7334
7336
7491
7337
7492
7493
7339
7341
7497
7340
7342
7498
7343
7499
7342
7500
7343
7501
7502
7345
7347
7515
7346
7348
7516
7349
7517
7348
7518
7349
7519
7520
7351
7359
7527
7352
7360
7528
7361
7529
7354
7533
7355
7534
7535
7357
7536
7358
7537
7538
7360
7563
7361
7564
7565
7363
7578
7364
7579
7580
7366
7581
7367
7582
7583
7369
7371
7370
7372
7373
7372
7584
7373
7585
7586
7375
7416
7587
7376
7417
7588
7418
7589
7378
7383
7590
7379
7384
7591
7385
7592
7381
7422
7593
7382
7423
7594
7424
7595
7384
7596
7385
7597
7598
7387
7388
7390
7431
7611
7391
7432
7612
7433
7613
7393
7449
7623
7394
7450
7624
7451
7625
7396
7452
7626
7397
7453
7627
7454
7628
7399
7401
7629
7400
7402
7630
7403
7631
7402
7632
7403
7633
7634
7405
7461
7406
7462
7463
7408
7470
7644
7409
7471
7645
7472
7646
7411
7413
7653
7412
7414
7654
7415
7655
7414
7656
7415
7657
7658
7417
7659
7418
7660
7661
7420
7455
7662
7421
7456
7663
7457
7664
7423
7665
7424
7666
7667
7426
7428
7479
7427
7429
7480
7430
7481
7429
7430
7432
7683
7433
7684
7685
7435
7437
7512
7436
7438
7513
7439
7514
7438
7692
7439
7693
7694
7441
7443
7442
7444
7445
7444
7446
7445
7447
7448
7447
7704
7448
7705
7706
7450
7722
7451
7723
7724
7453
7725
7454
7726
7727
7456
7728
7457
7729
7730
7459
7731
7460
7732
7733
7462
7740
7463
7741
7742
7465
7467
7638
7466
7468
7639
7469
7640
7468
7734
7469
7735
7736
7471
7473
7472
7474
7475
7474
7475
7477
7746
7749
7478
7747
7750
7748
7751
7480
7755
7481
7756
7757
7483
7587
7484
7588
7589
7486
7599
7487
7600
7601
7489
7605
7490
7606
7607
7492
7611
7493
7612
7613
7495
7617
7496
7618
7619
7498
7623
7499
7624
7625
7501
7626
7502
7627
7628
7504
7505
7507
7509
7539
7508
7510
7540
7511
7541
7510
7647
7511
7648
7649
7513
7761
7514
7762
7763
7516
7650
7517
7651
7652
7519
7653
7520
7654
7655
7522
7524
7551
7523
7525
7552
7526
7553
7525
7656
7526
7657
7658
7528
7659
7529
7660
7661
7531
7671
7532
7672
7673
7534
7677
7535
7678
7679
7537
7683
7538
7684
7685
7540
7542
7541
7543
7544
7543
7689
7544
7690
7691
7546
7548
7557
7547
7549
7558
7550
7559
7549
7710
7550
7711
7712
7552
7554
7553
7555
7556
7555
7716
7556
7717
7718
7558
7560
7559
7561
7562
7561
7719
7562
7720
7721
7564
7725
7565
7726
7727
7567
7568
7570
7740
7571
7741
7742
7573
7575
7574
7576
7577
7576
7743
7577
7744
7745
7579
7746
7580
7747
7748
7582
7584
7583
7585
7586
7585
7586
7588
7589
7591
7593
7592
7594
7595
7594
7595
7597
7598
7600
7602
7601
7603
7604
7603
7680
7604
7681
7682
7606
7767
7607
7767
7768
7609
7765
7610
7765
7766
7612
7613
7615
7617
7686
7616
7618
7687
7619
7688
7618
7619
7621
7698
7622
7699
7700
7624
7625
7627
7628
7630
7631
7633
7635
7634
7636
7637
7636
7637
7639
7641
7640
7642
7643
7642
7643
7645
7646
7648
7649
7651
7652
7654
7655
7657
7658
7660
7661
7663
7665
7664
7666
7667
7666
7667
7669
7671
7674
7670
7672
7675
7673
7676
7672
7673
7675
7676
7678
7679
7681
7682
7684
7685
7687
7689
7688
7690
7691
7690
7691
7693
7694
7696
7698
7697
7699
7700
7699
7700
7702
7704
7703
7705
7706
7705
7706
7708
7710
7713
7709
7711
7714
7712
7715
7711
7712
7714
7716
7715
7717
7718
7717
7718
7720
7721
7723
7724
7726
7727
7729
7731
7730
7732
7733
7732
7733
7735
7737
7736
7738
7739
7738
7739
7741
7742
7744
7745
7747
7748
7750
7752
7751
7753
7754
7753
7754
7756
7758
7757
7759
7760
7759
7760
7762
7763
7767
7768
7766
7768
)


// ************************************************************************* //
