1	0.14
2	0.19
3	0.24
4	0.29
5	0.34
6	0.38
7	0.43
8	0.48
9	0.53
10	0.58
11	0.63
12	0.68
13	0.74
14	0.79
15	0.84
16	0.89
17	0.9399999999999999
18	0.99
19	1.04
20	1.09
21	1.14
22	1.19
23	1.24
24	1.29
25	1.34
26	1.39
27	1.44
28	1.49
29	1.54
30	1.59
31	1.64
32	1.7
33	1.75
34	1.81
35	1.86
36	1.91
37	1.96
38	2.01
39	2.06
40	2.11
41	2.16
42	2.2
43	2.25
44	2.3
45	2.35
46	2.41
47	2.46
48	2.51
49	2.56
50	2.61
51	2.66
52	2.71
53	2.77
54	2.82
55	2.87
56	2.92
57	2.97
58	3.02
59	3.08
60	3.13
61	3.18
62	3.23
63	3.28
64	3.33
65	3.38
66	3.43
67	3.48
68	3.53
69	3.58
70	3.63
71	3.68
72	3.74
73	3.79
74	3.84
75	3.89
76	3.94
77	3.99
78	4.04
79	4.09
80	4.14
81	4.19
82	4.24
83	4.3
84	4.35
85	4.4
86	4.45
87	4.5
88	4.55
89	4.6
90	4.66
91	4.71
92	4.76
93	4.81
94	4.86
95	4.91
96	4.96
97	5.02
98	5.07
99	5.12
100	5.17
101	5.22
102	5.27
103	5.32
104	5.37
105	5.42
106	5.47
107	5.52
108	5.58
109	5.63
110	5.68
111	5.73
112	5.78
113	5.83
114	5.88
115	5.93
116	5.99
117	6.04
118	6.09
119	6.14
120	6.19
121	6.24
122	6.29
123	6.34
124	6.39
125	6.44
126	6.49
127	6.54
128	6.59
129	6.65
130	6.7
131	6.75
132	6.8
133	6.85
134	6.9
135	6.95
136	7
137	7.05
138	7.1
139	7.15
140	7.2
141	7.25
142	7.3
143	7.35
144	7.4
145	7.45
146	7.51
147	7.56
148	7.61
149	7.66
150	7.71
151	7.76
152	7.82
153	7.87
154	7.92
155	7.96
156	8.01
157	8.06
158	8.109999999999999
159	8.16
160	8.210000000000001
161	8.27
162	8.31
163	8.359999999999999
164	8.41
165	8.470000000000001
166	8.52
167	8.57
168	8.619999999999999
169	8.67
170	8.720000000000001
171	8.77
172	8.82
173	8.869999999999999
174	8.92
175	8.970000000000001
176	9.02
177	9.07
178	9.119999999999999
179	9.17
180	9.220000000000001
181	9.27
182	9.33
183	9.380000000000001
184	9.44
185	9.49
186	9.539999999999999
187	9.59
188	9.640000000000001
189	9.69
190	9.74
191	9.789999999999999
192	9.84
193	9.890000000000001
194	9.94
195	9.99
196	10.04
197	10.09
198	10.15
199	10.2
200	10.25
201	10.3
202	10.35
203	10.4
204	10.45
205	10.5
206	10.55
207	10.6
208	10.65
209	10.7
210	10.75
211	10.8
212	10.85
213	10.9
214	10.95
215	11.01
216	11.06
217	11.11
218	11.16
219	11.21
220	11.26
221	11.31
222	11.36
223	11.41
224	11.46
225	11.51
226	11.56
227	11.61
228	11.66
229	11.71
230	11.76
231	11.81
232	11.86
233	11.91
234	11.96
235	12.01
236	12.06
237	12.11
238	12.16
239	12.21
240	12.26
241	12.31
242	12.36
243	12.41
244	12.46
245	12.51
246	12.56
247	12.61
248	12.66
249	12.71
250	12.76
251	12.81
252	12.86
253	12.91
254	12.96
255	13.01
256	13.06
257	13.11
258	13.16
259	13.21
260	13.27
261	13.33
262	13.38
263	13.43
264	13.49
265	13.54
266	13.59
267	13.64
268	13.69
269	13.74
270	13.79
271	13.84
272	13.89
273	13.94
274	13.99
275	14.04
276	14.09
277	14.14
278	14.19
279	14.24
280	14.29
281	14.34
282	14.39
283	14.44
284	14.49
285	14.54
286	14.59
287	14.64
288	14.69
289	14.74
290	14.79
291	14.84
292	14.89
293	14.94
294	14.99
295	15.04
296	15.09
297	15.13
298	15.18
299	15.23
300	15.28
301	15.33
302	15.38
303	15.43
304	15.48
305	15.53
306	15.58
307	15.63
308	15.68
309	15.73
310	15.78
311	15.83
312	15.88
313	15.93
314	15.98
315	16.03
316	16.08
317	16.13
318	16.18
319	16.23
320	16.27
321	16.32
322	16.37
323	16.42
324	16.47
325	16.52
326	16.57
327	16.62
328	16.67
329	16.72
330	16.77
331	16.82
332	16.87
333	16.92
334	16.97
335	17.02
336	17.07
337	17.12
338	17.16
339	17.21
340	17.26
341	17.31
342	17.36
343	17.41
344	17.46
345	17.51
346	17.56
347	17.61
348	17.66
349	17.71
350	17.76
351	17.8
352	17.85
353	17.9
354	17.95
355	18
356	18.05
357	18.1
358	18.15
359	18.2
360	18.25
361	18.29
362	18.34
363	18.39
364	18.44
365	18.49
366	18.54
367	18.59
368	18.64
369	18.69
370	18.74
371	18.79
372	18.84
373	18.89
374	18.93
375	18.98
376	19.03
377	19.08
378	19.13
379	19.18
380	19.23
381	19.28
382	19.33
383	19.38
384	19.43
385	19.48
386	19.53
387	19.58
388	19.62
389	19.67
390	19.72
391	19.77
392	19.82
393	19.87
394	19.92
395	19.97
396	20.02
397	20.07
398	20.12
399	20.17
400	20.22
401	20.27
402	20.32
403	20.37
404	20.42
405	20.46
406	20.51
407	20.56
408	20.61
409	20.67
410	20.72
411	20.77
412	20.82
413	20.87
414	20.92
415	20.97
416	21.02
417	21.07
418	21.11
419	21.16
420	21.21
421	21.27
422	21.31
423	21.36
424	21.41
425	21.46
426	21.51
427	21.56
428	21.61
429	21.66
430	21.71
431	21.76
432	21.81
433	21.86
434	21.91
435	21.96
436	22.01
437	22.06
438	22.1
439	22.15
440	22.2
441	22.25
442	22.3
443	22.35
444	22.4
445	22.45
446	22.5
447	22.55
448	22.6
449	22.65
450	22.7
451	22.75
452	22.79
453	22.84
454	22.89
455	22.94
456	22.99
457	23.04
458	23.09
459	23.14
460	23.19
461	23.24
462	23.29
463	23.34
464	23.39
465	23.44
466	23.49
467	23.54
468	23.59
469	23.63
470	23.68
471	23.73
472	23.78
473	23.83
474	23.88
475	23.93
476	23.98
477	24.03
478	24.08
479	24.13
480	24.18
481	24.23
482	24.28
483	24.33
484	24.38
485	24.43
486	24.48
487	24.53
488	24.58
489	24.63
490	24.67
491	24.72
492	24.77
493	24.82
494	24.87
495	24.92
496	24.97
497	25.02
498	25.07
499	25.12
500	25.17
501	25.22
502	25.27
503	25.32
504	25.37
505	25.41
506	25.46
507	25.51
508	25.56
509	25.61
510	25.66
511	25.71
512	25.76
513	25.81
514	25.86
515	25.91
516	25.96
517	26.01
518	26.06
519	26.11
520	26.16
521	26.21
522	26.25
523	26.3
524	26.35
525	26.4
526	26.45
527	26.5
528	26.55
529	26.6
530	26.65
531	26.7
532	26.75
533	26.8
534	26.85
535	26.9
536	26.95
537	27
538	27.05
539	27.1
540	27.15
541	27.2
542	27.25
543	27.3
544	27.35
545	27.39
546	27.44
547	27.49
548	27.54
549	27.59
550	27.64
551	27.69
552	27.74
553	27.79
554	27.84
555	27.89
556	27.94
557	27.99
558	28.04
559	28.09
560	28.14
561	28.19
562	28.24
563	28.28
564	28.34
565	28.39
566	28.44
567	28.48
568	28.53
569	28.58
570	28.63
571	28.68
572	28.73
573	28.78
574	28.83
575	28.88
576	28.93
577	28.98
578	29.03
579	29.08
580	29.13
581	29.18
582	29.23
583	29.28
584	29.33
585	29.38
586	29.43
587	29.48
588	29.53
589	29.58
590	29.63
591	29.68
592	29.73
593	29.78
594	29.83
595	29.88
596	29.93
597	29.98
598	30.02
599	30.07
600	30.12
601	30.17
602	30.22
603	30.27
604	30.32
605	30.37
606	30.42
607	30.47
608	30.52
609	30.57
610	30.62
611	30.67
612	30.72
613	30.77
614	30.82
615	30.87
616	30.92
617	30.97
618	31.02
619	31.07
620	31.12
621	31.17
622	31.22
623	31.27
624	31.32
625	31.37
626	31.41
627	31.46
628	31.51
629	31.56
630	31.61
631	31.66
632	31.71
633	31.76
634	31.81
635	31.86
636	31.91
637	31.96
638	32.01
639	32.06
640	32.11
641	32.16
642	32.21
643	32.26
644	32.31
645	32.36
646	32.41
647	32.46
648	32.51
649	32.56
650	32.61
651	32.66
652	32.71
653	32.76
654	32.81
655	32.86
656	32.91
657	32.96
658	33.01
659	33.06
660	33.11
661	33.16
662	33.21
663	33.26
664	33.31
665	33.36
666	33.41
667	33.46
668	33.51
669	33.55
670	33.6
671	33.65
672	33.7
673	33.75
674	33.8
675	33.85
676	33.9
677	33.95
678	34
679	34.05
680	34.1
681	34.15
682	34.2
683	34.25
684	34.3
685	34.35
686	34.4
687	34.45
688	34.5
689	34.55
690	34.6
691	34.65
692	34.7
693	34.75
694	34.8
695	34.85
696	34.9
697	34.95
698	35
699	35.05
700	35.1
701	35.15
702	35.2
703	35.25
704	35.29
705	35.34
706	35.39
707	35.44
708	35.49
709	35.54
710	35.59
711	35.64
712	35.69
713	35.74
714	35.79
715	35.84
716	35.89
717	35.94
718	35.99
719	36.04
720	36.09
721	36.14
722	36.19
723	36.24
724	36.29
725	36.34
726	36.39
727	36.44
728	36.49
729	36.54
730	36.59
731	36.64
732	36.69
733	36.74
734	36.79
735	36.84
736	36.89
737	36.94
738	36.99
739	37.04
740	37.09
741	37.14
742	37.19
743	37.24
744	37.29
745	37.34
746	37.39
747	37.44
748	37.49
749	37.54
750	37.59
751	37.64
752	37.69
753	37.74
754	37.79
755	37.84
756	37.89
757	37.94
758	37.99
759	38.04
760	38.09
761	38.14
762	38.19
763	38.24
764	38.29
765	38.34
766	38.39
767	38.44
768	38.49
769	38.54
770	38.59
771	38.64
772	38.69
773	38.74
774	38.79
775	38.84
776	38.89
777	38.94
778	38.99
779	39.04
780	39.09
781	39.14
782	39.19
783	39.24
784	39.29
785	39.35
786	39.4
787	39.45
788	39.5
789	39.55
790	39.6
791	39.65
792	39.7
793	39.75
794	39.8
795	39.85
796	39.9
797	39.96
798	40.01
799	40.06
800	40.11
801	40.16
802	40.21
803	40.26
804	40.32
805	40.38
806	40.43
807	40.49
808	40.55
809	40.6
810	40.65
811	40.7
812	40.75
813	40.8
814	40.86
815	40.91
816	40.96
817	41.01
818	41.09
819	41.14
820	41.2
821	41.25
822	41.3
823	41.35
824	41.4
825	41.46
826	41.51
827	41.56
828	41.61
829	41.66
830	41.71
831	41.76
832	41.81
833	41.86
834	41.92
835	41.97
836	42.02
837	42.07
838	42.12
839	42.17
840	42.22
841	42.27
842	42.32
843	42.37
844	42.42
845	42.48
846	42.53
847	42.58
848	42.63
849	42.68
850	42.73
851	42.78
852	42.83
853	42.88
854	42.94
855	42.99
856	43.04
857	43.09
858	43.14
859	43.19
860	43.24
861	43.29
862	43.34
863	43.4
864	43.45
865	43.5
866	43.56
867	43.61
868	43.66
869	43.71
870	43.77
871	43.82
872	43.87
873	43.92
874	43.97
875	44.02
876	44.08
877	44.13
878	44.18
879	44.23
880	44.28
881	44.33
882	44.38
883	44.43
884	44.48
885	44.53
886	44.58
887	44.63
888	44.68
889	44.73
890	44.79
891	44.84
892	44.89
893	44.94
894	44.99
895	45.04
896	45.09
897	45.14
898	45.2
899	45.25
900	45.3
901	45.35
902	45.4
903	45.45
904	45.5
905	45.55
906	45.6
907	45.65
908	45.7
909	45.76
910	45.81
911	45.86
912	45.91
913	45.96
914	46.01
915	46.06
916	46.11
917	46.16
918	46.21
919	46.26
920	46.31
921	46.36
922	46.41
923	46.46
924	46.52
925	46.57
926	46.62
927	46.67
928	46.72
929	46.77
930	46.82
931	46.87
932	46.92
933	46.97
934	47.02
935	47.07
936	47.12
937	47.17
938	47.22
939	47.27
940	47.32
941	47.37
942	47.42
943	47.47
944	47.53
945	47.58
946	47.63
947	47.68
948	47.73
949	47.78
950	47.83
951	47.87
952	47.92
953	47.97
954	48.02
955	48.07
956	48.13
957	48.18
958	48.23
959	48.28
960	48.33
961	48.38
962	48.43
963	48.48
964	48.53
965	48.58
966	48.63
967	48.69
968	48.74
969	48.79
970	48.84
971	48.89
972	48.94
973	48.99
974	49.04
975	49.09
976	49.14
977	49.19
978	49.25
979	49.3
980	49.35
981	49.4
982	49.45
983	49.5
984	49.55
985	49.6
986	49.65
987	49.7
988	49.75
989	49.8
990	49.85
991	49.91
992	49.95
993	50.01
994	50.06
995	50.11
996	50.16
997	50.21
998	50.26
999	50.32
1000	50.5
1001	50.56
1002	50.61
1003	50.66
1004	50.71
1005	50.76
1006	50.81
1007	50.86
1008	50.91
1009	50.96
1010	51.01
1011	51.06
1012	51.11
1013	51.16
1014	51.21
1015	51.26
1016	51.32
1017	51.36
1018	51.41
1019	51.46
1020	51.51
1021	51.56
1022	51.62
1023	51.66
1024	51.71
1025	51.76
1026	51.81
1027	51.87
1028	51.92
1029	51.97
1030	52.02
1031	52.07
1032	52.12
1033	52.17
1034	52.22
1035	52.27
1036	52.32
1037	52.37
1038	52.42
1039	52.47
1040	52.52
1041	52.57
1042	52.62
1043	52.67
1044	52.72
1045	52.77
1046	52.82
1047	52.87
1048	52.92
1049	52.97
1050	53.02
1051	53.07
1052	53.12
1053	53.17
1054	53.22
1055	53.27
1056	53.32
1057	53.37
1058	53.42
1059	53.47
1060	53.52
1061	53.57
1062	53.62
1063	53.67
1064	53.72
1065	53.77
1066	53.82
1067	53.88
1068	53.93
1069	53.98
1070	54.03
1071	54.08
1072	54.13
1073	54.18
1074	54.23
1075	54.28
1076	54.33
1077	54.38
1078	54.43
1079	54.48
1080	54.53
1081	54.58
1082	54.63
1083	54.68
1084	54.73
1085	54.78
1086	54.83
1087	54.88
1088	54.93
1089	54.98
1090	55.03
1091	55.08
1092	55.13
1093	55.18
1094	55.23
1095	55.28
1096	55.33
1097	55.38
1098	55.43
1099	55.48
1100	55.53
1101	55.58
1102	55.63
1103	55.68
1104	55.73
1105	55.78
1106	55.83
1107	55.88
1108	55.93
1109	55.98
1110	56.03
1111	56.08
1112	56.13
1113	56.18
1114	56.23
1115	56.28
1116	56.33
1117	56.38
1118	56.43
1119	56.49
1120	56.54
1121	56.59
1122	56.64
1123	56.7
1124	56.75
1125	56.8
1126	56.86
1127	56.91
1128	56.96
1129	57.01
1130	57.06
1131	57.11
1132	57.16
1133	57.21
1134	57.26
1135	57.31
1136	57.36
1137	57.41
1138	57.46
1139	57.51
1140	57.56
1141	57.61
1142	57.66
1143	57.71
1144	57.76
1145	57.81
1146	57.86
1147	57.92
1148	57.97
1149	58.02
1150	58.07
1151	58.11
1152	58.16
1153	58.21
1154	58.26
1155	58.31
1156	58.36
1157	58.41
1158	58.46
1159	58.51
1160	58.56
1161	58.62
1162	58.67
1163	58.72
1164	58.77
1165	58.82
1166	58.87
1167	58.92
1168	58.97
1169	59.02
1170	59.07
1171	59.12
1172	59.17
1173	59.22
1174	59.27
1175	59.32
1176	59.37
1177	59.42
1178	59.47
1179	59.52
1180	59.57
1181	59.62
1182	59.67
1183	59.72
1184	59.77
1185	59.82
1186	59.87
1187	59.92
1188	59.97
1189	60.02
1190	60.07
1191	60.12
1192	60.17
1193	60.22
1194	60.27
1195	60.32
1196	60.37
1197	60.42
1198	60.47
1199	60.52
1200	60.58
1201	60.63
1202	60.68
1203	60.73
1204	60.78
1205	60.83
1206	60.88
1207	60.93
1208	60.98
1209	61.03
1210	61.08
1211	61.13
1212	61.18
1213	61.23
1214	61.28
1215	61.33
1216	61.38
1217	61.43
1218	61.48
1219	61.53
1220	61.58
1221	61.63
1222	61.68
1223	61.73
1224	61.78
1225	61.83
1226	61.88
1227	61.93
1228	61.98
1229	62.03
1230	62.08
1231	62.13
1232	62.19
1233	62.24
1234	62.29
1235	62.34
1236	62.39
1237	62.44
1238	62.49
1239	62.54
1240	62.59
1241	62.64
1242	62.69
1243	62.74
1244	62.79
1245	62.84
1246	62.89
1247	62.94
1248	62.99
1249	63.04
1250	63.09
1251	63.14
1252	63.19
1253	63.24
1254	63.29
1255	63.34
1256	63.4
1257	63.45
1258	63.5
1259	63.55
1260	63.6
1261	63.65
1262	63.7
1263	63.75
1264	63.8
1265	63.85
1266	63.9
1267	63.95
1268	64
1269	64.05
1270	64.09999999999999
1271	64.15000000000001
1272	64.2
1273	64.25
1274	64.3
1275	64.36
1276	64.41
1277	64.45999999999999
1278	64.51000000000001
1279	64.56
1280	64.61
1281	64.66
1282	64.70999999999999
1283	64.76000000000001
1284	64.81
1285	64.86
1286	64.91
1287	64.95999999999999
1288	65.01000000000001
1289	65.06
1290	65.12
1291	65.17
1292	65.22
1293	65.27
1294	65.31999999999999
1295	65.37
1296	65.42
1297	65.47
1298	65.52
1299	65.56999999999999
1300	65.62
1301	65.68000000000001
1302	65.73
1303	65.78
1304	65.83
1305	65.88
1306	65.93000000000001
1307	65.98
1308	66.03
1309	66.08
1310	66.13
1311	66.18000000000001
1312	66.23999999999999
1313	66.29000000000001
1314	66.34
1315	66.39
1316	66.44
1317	66.48999999999999
1318	66.54000000000001
1319	66.59999999999999
1320	66.65000000000001
1321	66.7
1322	66.75
1323	66.8
1324	66.84999999999999
1325	66.90000000000001
1326	66.95
1327	67
1328	67.05
1329	67.09999999999999
1330	67.15000000000001
1331	67.2
1332	67.26000000000001
1333	67.31
1334	67.36
1335	67.41
1336	67.45999999999999
1337	67.51000000000001
1338	67.56
1339	67.61
1340	67.66
1341	67.70999999999999
1342	67.76000000000001
1343	67.81
1344	67.86
1345	67.92
1346	67.97
1347	68.02
1348	68.06999999999999
1349	68.12
1350	68.18000000000001
1351	68.23
1352	68.28
1353	68.33
1354	68.38
1355	68.43000000000001
1356	68.48
1357	68.53
1358	68.58
1359	68.63
1360	68.68000000000001
1361	68.73
1362	68.79000000000001
1363	68.84
1364	68.89
1365	68.94
1366	68.98999999999999
1367	69.04000000000001
1368	69.09
1369	69.14
1370	69.19
1371	69.25
1372	69.3
1373	69.34999999999999
1374	69.40000000000001
1375	69.45
1376	69.51000000000001
1377	69.56
1378	69.61
1379	69.66
1380	69.70999999999999
1381	69.76000000000001
1382	69.81999999999999
1383	69.87
1384	69.92
1385	69.97
1386	70.02
1387	70.06999999999999
1388	70.12
1389	70.17
1390	70.22
1391	70.27
1392	70.31999999999999
1393	70.38
1394	70.43000000000001
1395	70.48
1396	70.53
1397	70.58
1398	70.63
1399	70.68000000000001
1400	70.73
1401	70.78
1402	70.83
1403	70.88
1404	70.94
1405	70.98999999999999
1406	71.04000000000001
1407	71.09
1408	71.14
1409	71.19
1410	71.23999999999999
1411	71.29000000000001
1412	71.34
1413	71.40000000000001
1414	71.45
1415	71.5
1416	71.55
1417	71.59999999999999
1418	71.65000000000001
1419	71.7
1420	71.75
1421	71.8
1422	71.86
1423	71.91
1424	71.95999999999999
1425	72.01000000000001
1426	72.06
1427	72.11
1428	72.16
1429	72.20999999999999
1430	72.26000000000001
1431	72.31
1432	72.36
1433	72.42
1434	72.47
1435	72.52
1436	72.56999999999999
1437	72.62
1438	72.67
1439	72.73
1440	72.78
1441	72.83
1442	72.88
1443	72.93000000000001
1444	72.98
1445	73.03
1446	73.08
1447	73.13
1448	73.18000000000001
1449	73.23
1450	73.28
1451	73.34
1452	73.39
1453	73.44
1454	73.48999999999999
1455	73.54000000000001
1456	73.59
1457	73.64
1458	73.69
1459	73.73999999999999
1460	73.79000000000001
1461	73.84999999999999
1462	73.90000000000001
1463	73.95
1464	74
1465	74.05
1466	74.09999999999999
1467	74.15000000000001
1468	74.2
1469	74.26000000000001
1470	74.31
1471	74.36
1472	74.41
1473	74.45999999999999
1474	74.51000000000001
1475	74.56999999999999
1476	74.62
1477	74.67
1478	74.72
1479	74.78
1480	74.83
1481	74.88
1482	74.93000000000001
1483	74.98
1484	75.03
1485	75.08
1486	75.14
1487	75.19
1488	75.23999999999999
1489	75.29000000000001
1490	75.34
1491	75.39
1492	75.44
1493	75.5
1494	75.55
1495	75.59999999999999
1496	75.65000000000001
1497	75.7
1498	75.75
1499	75.8
1500	75.84999999999999
1501	75.90000000000001
1502	75.95999999999999
1503	76.01000000000001
1504	76.06
1505	76.11
1506	76.16
1507	76.20999999999999
1508	76.26000000000001
1509	76.31
1510	76.36
1511	76.41
1512	76.47
1513	76.52
1514	76.56999999999999
1515	76.62
1516	76.67
1517	76.72
1518	76.77
1519	76.81999999999999
1520	76.88
1521	76.93000000000001
1522	76.98
1523	77.03
1524	77.08
1525	77.13
1526	77.18000000000001
1527	77.23
1528	77.28
1529	77.33
1530	77.39
1531	77.44
1532	77.48999999999999
1533	77.54000000000001
1534	77.59
1535	77.64
1536	77.69
1537	77.73999999999999
1538	77.8
1539	77.84999999999999
1540	77.90000000000001
1541	77.95
1542	78
1543	78.05
1544	78.11
1545	78.16
1546	78.20999999999999
1547	78.26000000000001
1548	78.31
1549	78.36
1550	78.41
1551	78.45999999999999
1552	78.51000000000001
1553	78.56
1554	78.62
1555	78.67
1556	78.72
1557	78.77
1558	78.81999999999999
1559	78.87
1560	78.92
1561	78.98
1562	79.03
1563	79.08
1564	79.13
1565	79.18000000000001
1566	79.23
1567	79.28
1568	79.33
1569	79.39
1570	79.44
1571	79.48999999999999
1572	79.54000000000001
1573	79.59
1574	79.64
1575	79.69
1576	79.73999999999999
1577	79.79000000000001
1578	79.84999999999999
1579	79.90000000000001
1580	79.95
1581	80
1582	80.05
1583	80.09999999999999
1584	80.15000000000001
1585	80.2
1586	80.26000000000001
1587	80.31
1588	80.36
1589	80.41
1590	80.45999999999999
1591	80.51000000000001
1592	80.56
1593	80.62
1594	80.67
1595	80.72
1596	80.77
1597	80.81999999999999
1598	80.87
1599	80.92
1600	80.97
1601	81.03
1602	81.08
1603	81.13
1604	81.18000000000001
1605	81.23
1606	81.28
1607	81.33
1608	81.39
1609	81.44
1610	81.48999999999999
1611	81.54000000000001
1612	81.59
1613	81.64
1614	81.69
1615	81.73999999999999
1616	81.79000000000001
1617	81.84999999999999
1618	81.90000000000001
1619	81.95
1620	82
1621	82.05
1622	82.09999999999999
1623	82.15000000000001
1624	82.2
1625	82.26000000000001
1626	82.31
1627	82.36
1628	82.41
1629	82.45999999999999
1630	82.51000000000001
1631	82.56
1632	82.61
1633	82.67
1634	82.72
1635	82.77
1636	82.81999999999999
1637	82.87
1638	82.92
1639	82.97
1640	83.02
1641	83.08
1642	83.13
1643	83.18000000000001
1644	83.23
1645	83.28
1646	83.34
1647	83.39
1648	83.44
1649	83.48999999999999
1650	83.54000000000001
1651	83.59
1652	83.64
1653	83.7
1654	83.75
1655	83.8
1656	83.84999999999999
1657	83.90000000000001
1658	83.95
1659	84
1660	84.05
1661	84.11
1662	84.16
1663	84.20999999999999
1664	84.26000000000001
1665	84.31
1666	84.36
1667	84.41
1668	84.47
1669	84.52
1670	84.56999999999999
1671	84.62
1672	84.67
1673	84.72
1674	84.77
1675	84.81999999999999
1676	84.87
1677	84.93000000000001
1678	84.98
1679	85.03
1680	85.08
1681	85.13
1682	85.18000000000001
1683	85.23
1684	85.29000000000001
1685	85.34
1686	85.39
1687	85.44
1688	85.48999999999999
1689	85.54000000000001
1690	85.59
1691	85.64
1692	85.69
1693	85.75
1694	85.8
1695	85.84999999999999
1696	85.90000000000001
1697	85.95999999999999
1698	86.01000000000001
1699	86.06
1700	86.11
1701	86.16
1702	86.20999999999999
1703	86.26000000000001
1704	86.31
1705	86.36
1706	86.42
1707	86.47
1708	86.52
1709	86.56999999999999
1710	86.62
1711	86.67
1712	86.72
1713	86.77
1714	86.81999999999999
1715	86.87
1716	86.92
1717	86.98
1718	87.03
1719	87.08
1720	87.13
1721	87.18000000000001
1722	87.23
1723	87.28
1724	87.33
1725	87.39
1726	87.44
1727	87.48999999999999
1728	87.54000000000001
1729	87.59
1730	87.64
1731	87.69
1732	87.75
1733	87.8
1734	87.84999999999999
1735	87.90000000000001
1736	87.95
1737	88
1738	88.05
1739	88.09999999999999
1740	88.15000000000001
1741	88.2
1742	88.26000000000001
1743	88.31
1744	88.36
1745	88.41
1746	88.45999999999999
1747	88.51000000000001
1748	88.56999999999999
1749	88.62
1750	88.67
1751	88.72
1752	88.77
1753	88.81999999999999
1754	88.87
1755	88.93000000000001
1756	88.98
1757	89.03
1758	89.08
1759	89.13
1760	89.18000000000001
1761	89.23
1762	89.28
1763	89.34
1764	89.39
1765	89.44
1766	89.48999999999999
1767	89.54000000000001
1768	89.59
1769	89.64
1770	89.7
1771	89.75
1772	89.8
1773	89.84999999999999
1774	89.90000000000001
1775	89.95
1776	90
1777	90.05
1778	90.09999999999999
1779	90.16
1780	90.20999999999999
1781	90.26000000000001
1782	90.31
1783	90.36
1784	90.41
1785	90.45999999999999
1786	90.51000000000001
1787	90.56999999999999
1788	90.62
1789	90.67
1790	90.72
1791	90.77
1792	90.81999999999999
1793	90.87
1794	90.93000000000001
1795	90.98
1796	91.03
1797	91.08
1798	91.13
1799	91.18000000000001
1800	91.23
1801	91.28
1802	91.33
1803	91.38
1804	91.44
1805	91.48999999999999
1806	91.55
1807	91.59999999999999
1808	91.65000000000001
1809	91.7
1810	91.75
1811	91.81
1812	91.86
1813	91.91
1814	91.95999999999999
1815	92.01000000000001
1816	92.06
1817	92.11
1818	92.16
1819	92.22
1820	92.27
1821	92.31999999999999
1822	92.37
1823	92.42
1824	92.47
1825	92.52
1826	92.56999999999999
1827	92.63
1828	92.68000000000001
1829	92.73
1830	92.78
1831	92.83
1832	92.88
1833	92.93000000000001
1834	92.98999999999999
1835	93.04000000000001
1836	93.09
1837	93.14
1838	93.19
1839	93.23999999999999
1840	93.29000000000001
1841	93.34
1842	93.40000000000001
1843	93.45
1844	93.5
1845	93.55
1846	93.59999999999999
1847	93.65000000000001
1848	93.7
1849	93.75
1850	93.8
1851	93.86
1852	93.91
1853	93.95
1854	94.01000000000001
1855	94.06
1856	94.11
1857	94.16
1858	94.20999999999999
1859	94.26000000000001
1860	94.31
1861	94.37
1862	94.42
1863	94.47
1864	94.52
1865	94.56999999999999
1866	94.62
1867	94.67
1868	94.73
1869	94.78
1870	94.83
1871	94.88
1872	94.93000000000001
1873	94.98
1874	95.03
1875	95.08
1876	95.14
1877	95.19
1878	95.23999999999999
1879	95.29000000000001
1880	95.34
1881	95.39
1882	95.44
1883	95.48999999999999
1884	95.55
1885	95.59999999999999
1886	95.65000000000001
1887	95.7
1888	95.75
1889	95.8
1890	95.86
1891	95.91
1892	95.95999999999999
1893	96.01000000000001
1894	96.06
1895	96.11
1896	96.16
1897	96.22
1898	96.27
1899	96.31999999999999
1900	96.37
1901	96.42
1902	96.47
1903	96.52
1904	96.56999999999999
1905	96.62
1906	96.68000000000001
1907	96.73
1908	96.78
1909	96.83
1910	96.89
1911	96.94
1912	96.98999999999999
1913	97.04000000000001
1914	97.09
1915	97.15000000000001
1916	97.2
1917	97.25
1918	97.3
1919	97.36
1920	97.41
1921	97.45999999999999
1922	97.51000000000001
1923	97.56999999999999
1924	97.62
1925	97.67
1926	97.72
1927	97.77
1928	97.83
1929	97.88
1930	97.93000000000001
1931	97.98
1932	98.03
1933	98.08
1934	98.14
1935	98.19
1936	98.23999999999999
1937	98.29000000000001
1938	98.34999999999999
1939	98.40000000000001
1940	98.45
1941	98.5
1942	98.55
1943	98.59999999999999
1944	98.66
1945	98.70999999999999
1946	98.76000000000001
1947	98.81
1948	98.86
1949	98.91
1950	98.95999999999999
1951	99.02
1952	99.06999999999999
1953	99.12
1954	99.17
1955	99.22
1956	99.27
1957	99.31999999999999
1958	99.38
1959	99.43000000000001
1960	99.48
1961	99.53
1962	99.58
1963	99.63
1964	99.68000000000001
1965	99.73
1966	99.79000000000001
1967	99.84
1968	99.89
1969	99.94
1970	99.98999999999999
1971	100.05
1972	100.1
1973	100.15
1974	100.2
1975	100.25
1976	100.3
1977	100.36
1978	100.41
1979	100.46
1980	100.51
1981	100.56
1982	100.61
1983	100.67
1984	100.72
1985	100.77
1986	100.83
1987	100.88
1988	100.93
1989	100.98
1990	101.03
1991	101.09
1992	101.14
1993	101.19
1994	101.24
1995	101.3
1996	101.35
1997	101.4
1998	101.45
1999	101.51
2000	101.69
2001	101.75
2002	101.8
2003	101.86
2004	101.91
2005	101.96
2006	102.01
2007	102.07
2008	102.12
2009	102.17
2010	102.22
2011	102.28
2012	102.33
2013	102.38
2014	102.43
2015	102.48
2016	102.53
2017	102.59
2018	102.64
2019	102.69
2020	102.74
2021	102.79
2022	102.84
2023	102.9
2024	102.95
2025	103
2026	103.05
2027	103.1
2028	103.16
2029	103.21
2030	103.26
2031	103.31
2032	103.36
2033	103.41
2034	103.47
2035	103.52
2036	103.57
2037	103.62
2038	103.67
2039	103.72
2040	103.77
2041	103.82
2042	103.87
2043	103.93
2044	103.98
2045	104.03
2046	104.08
2047	104.13
2048	104.18
2049	104.24
2050	104.29
2051	104.34
2052	104.39
2053	104.44
2054	104.49
2055	104.55
2056	104.6
2057	104.65
2058	104.71
2059	104.76
2060	104.81
2061	104.86
2062	104.91
2063	104.96
2064	105.02
2065	105.07
2066	105.12
2067	105.17
2068	105.22
2069	105.27
2070	105.32
2071	105.38
2072	105.43
2073	105.48
2074	105.53
2075	105.58
2076	105.63
2077	105.69
2078	105.74
2079	105.79
2080	105.84
2081	105.89
2082	105.95
2083	106
2084	106.05
2085	106.1
2086	106.15
2087	106.21
2088	106.26
2089	106.31
2090	106.36
2091	106.41
2092	106.47
2093	106.52
2094	106.57
2095	106.62
2096	106.67
2097	106.73
2098	106.78
2099	106.83
2100	106.88
2101	106.93
2102	106.99
2103	107.03
2104	107.09
2105	107.14
2106	107.19
2107	107.24
2108	107.29
2109	107.35
2110	107.4
2111	107.45
2112	107.5
2113	107.55
2114	107.61
2115	107.66
2116	107.71
2117	107.76
2118	107.81
2119	107.86
2120	107.92
2121	107.97
2122	108.02
2123	108.07
2124	108.13
2125	108.18
2126	108.23
2127	108.28
2128	108.34
2129	108.39
2130	108.44
2131	108.49
2132	108.55
2133	108.6
2134	108.65
2135	108.7
2136	108.75
2137	108.81
2138	108.86
2139	108.91
2140	108.96
2141	109.01
2142	109.06
2143	109.11
2144	109.17
2145	109.22
2146	109.27
2147	109.32
2148	109.37
2149	109.43
2150	109.48
2151	109.53
2152	109.58
2153	109.63
2154	109.68
2155	109.74
2156	109.79
2157	109.84
2158	109.9
2159	109.95
2160	110
2161	110.05
2162	110.1
2163	110.16
2164	110.21
2165	110.26
2166	110.31
2167	110.37
2168	110.42
2169	110.47
2170	110.52
2171	110.57
2172	110.63
2173	110.68
2174	110.73
2175	110.78
2176	110.83
2177	110.89
2178	110.94
2179	110.99
2180	111.04
2181	111.1
2182	111.15
2183	111.2
2184	111.26
2185	111.31
2186	111.36
2187	111.41
2188	111.46
2189	111.52
2190	111.57
2191	111.62
2192	111.67
2193	111.72
2194	111.77
2195	111.83
2196	111.88
2197	111.93
2198	111.98
2199	112.04
2200	112.09
2201	112.14
2202	112.19
2203	112.24
2204	112.29
2205	112.34
2206	112.4
2207	112.45
2208	112.5
2209	112.55
2210	112.6
2211	112.65
2212	112.71
2213	112.76
2214	112.81
2215	112.86
2216	112.91
2217	112.97
2218	113.02
2219	113.07
2220	113.12
2221	113.17
2222	113.23
2223	113.28
2224	113.33
2225	113.38
2226	113.44
2227	113.49
2228	113.54
2229	113.59
2230	113.64
2231	113.69
2232	113.75
2233	113.8
2234	113.85
2235	113.9
2236	113.95
2237	114.01
2238	114.06
2239	114.11
2240	114.16
2241	114.21
2242	114.27
2243	114.32
2244	114.37
2245	114.42
2246	114.47
2247	114.52
2248	114.58
2249	114.63
2250	114.68
2251	114.73
2252	114.78
2253	114.83
2254	114.89
2255	114.94
2256	114.99
2257	115.04
2258	115.09
2259	115.15
2260	115.2
2261	115.25
2262	115.3
2263	115.35
2264	115.41
2265	115.46
2266	115.51
2267	115.56
2268	115.61
2269	115.66
2270	115.72
2271	115.77
2272	115.82
2273	115.87
2274	115.92
2275	115.98
2276	116.03
2277	116.08
2278	116.13
2279	116.18
2280	116.24
2281	116.29
2282	116.34
2283	116.39
2284	116.44
2285	116.5
2286	116.55
2287	116.6
2288	116.65
2289	116.7
2290	116.76
2291	116.81
2292	116.86
2293	116.91
2294	116.96
2295	117.02
2296	117.07
2297	117.12
2298	117.17
2299	117.22
2300	117.27
2301	117.33
2302	117.38
2303	117.43
2304	117.48
2305	117.53
2306	117.59
2307	117.64
2308	117.7
2309	117.75
2310	117.81
2311	117.86
2312	117.92
2313	117.97
2314	118.03
2315	118.08
2316	118.14
2317	118.19
2318	118.25
2319	118.3
2320	118.35
2321	118.4
2322	118.46
2323	118.51
2324	118.56
2325	118.61
2326	118.66
2327	118.72
2328	118.77
2329	118.82
2330	118.87
2331	118.93
2332	118.98
2333	119.03
2334	119.08
2335	119.14
2336	119.19
2337	119.24
2338	119.29
2339	119.35
2340	119.4
2341	119.45
2342	119.51
2343	119.56
2344	119.61
2345	119.66
2346	119.72
2347	119.77
2348	119.82
2349	119.87
2350	119.93
2351	119.98
2352	120.03
2353	120.08
2354	120.13
2355	120.19
2356	120.24
2357	120.29
2358	120.34
2359	120.39
2360	120.45
2361	120.5
2362	120.55
2363	120.6
2364	120.65
2365	120.71
2366	120.76
2367	120.81
2368	120.86
2369	120.91
2370	120.97
2371	121.02
2372	121.07
2373	121.12
2374	121.18
2375	121.23
2376	121.28
2377	121.33
2378	121.39
2379	121.44
2380	121.49
2381	121.54
2382	121.6
2383	121.65
2384	121.7
2385	121.75
2386	121.8
2387	121.86
2388	121.91
2389	121.96
2390	122.01
2391	122.07
2392	122.12
2393	122.17
2394	122.22
2395	122.28
2396	122.33
2397	122.38
2398	122.43
2399	122.49
2400	122.54
2401	122.59
2402	122.64
2403	122.69
2404	122.75
2405	122.8
2406	122.85
2407	122.9
2408	122.95
2409	123.01
2410	123.06
2411	123.11
2412	123.16
2413	123.21
2414	123.26
2415	123.32
2416	123.37
2417	123.42
2418	123.47
2419	123.52
2420	123.58
2421	123.63
2422	123.68
2423	123.74
2424	123.79
2425	123.84
2426	123.89
2427	123.94
2428	124
2429	124.05
2430	124.1
2431	124.15
2432	124.21
2433	124.26
2434	124.31
2435	124.36
2436	124.41
2437	124.47
2438	124.52
2439	124.57
2440	124.62
2441	124.68
2442	124.73
2443	124.78
2444	124.83
2445	124.88
2446	124.94
2447	124.99
2448	125.04
2449	125.09
2450	125.15
2451	125.2
2452	125.25
2453	125.3
2454	125.36
2455	125.41
2456	125.46
2457	125.51
2458	125.56
2459	125.62
2460	125.67
2461	125.72
2462	125.77
2463	125.83
2464	125.88
2465	125.93
2466	125.98
2467	126.03
2468	126.09
2469	126.14
2470	126.19
2471	126.24
2472	126.3
2473	126.35
2474	126.4
2475	126.45
2476	126.51
2477	126.56
2478	126.61
2479	126.66
2480	126.71
2481	126.77
2482	126.82
2483	126.87
2484	126.92
2485	126.98
2486	127.03
2487	127.08
2488	127.13
2489	127.19
2490	127.24
2491	127.29
2492	127.34
2493	127.39
2494	127.45
2495	127.5
2496	127.55
2497	127.6
2498	127.66
2499	127.71
2500	127.76
2501	127.81
2502	127.86
2503	127.92
2504	127.97
2505	128.02
2506	128.07
2507	128.13
2508	128.18
2509	128.23
2510	128.28
2511	128.33
2512	128.39
2513	128.44
2514	128.49
2515	128.54
2516	128.6
2517	128.65
2518	128.7
2519	128.75
2520	128.8
2521	128.86
2522	128.91
2523	128.96
2524	129.01
2525	129.07
2526	129.12
2527	129.17
2528	129.22
2529	129.28
2530	129.33
2531	129.38
2532	129.43
2533	129.49
2534	129.54
2535	129.6
2536	129.65
2537	129.7
2538	129.75
2539	129.81
2540	129.86
2541	129.91
2542	129.96
2543	130.02
2544	130.07
2545	130.12
2546	130.17
2547	130.23
2548	130.28
2549	130.33
2550	130.38
2551	130.44
2552	130.49
2553	130.54
2554	130.59
2555	130.64
2556	130.7
2557	130.75
2558	130.8
2559	130.85
2560	130.91
2561	130.96
2562	131.01
2563	131.06
2564	131.11
2565	131.17
2566	131.22
2567	131.27
2568	131.32
2569	131.38
2570	131.43
2571	131.48
2572	131.53
2573	131.59
2574	131.64
2575	131.69
2576	131.74
2577	131.8
2578	131.85
2579	131.9
2580	131.95
2581	132
2582	132.06
2583	132.11
2584	132.16
2585	132.21
2586	132.27
2587	132.32
2588	132.37
2589	132.42
2590	132.47
2591	132.53
2592	132.58
2593	132.63
2594	132.68
2595	132.74
2596	132.79
2597	132.84
2598	132.89
2599	132.95
2600	133
2601	133.05
2602	133.1
2603	133.16
2604	133.21
2605	133.26
2606	133.31
2607	133.37
2608	133.42
2609	133.47
2610	133.52
2611	133.58
2612	133.63
2613	133.68
2614	133.73
2615	133.78
2616	133.84
2617	133.89
2618	133.94
2619	133.99
2620	134.05
2621	134.1
2622	134.15
2623	134.2
2624	134.26
2625	134.31
2626	134.36
2627	134.41
2628	134.47
2629	134.52
2630	134.57
2631	134.62
2632	134.68
2633	134.73
2634	134.78
2635	134.83
2636	134.88
2637	134.94
2638	134.99
2639	135.04
2640	135.09
2641	135.15
2642	135.2
2643	135.25
2644	135.3
2645	135.36
2646	135.41
2647	135.46
2648	135.51
2649	135.56
2650	135.62
2651	135.67
2652	135.72
2653	135.77
2654	135.83
2655	135.88
2656	135.93
2657	135.98
2658	136.04
2659	136.09
2660	136.14
2661	136.19
2662	136.25
2663	136.3
2664	136.35
2665	136.4
2666	136.46
2667	136.51
2668	136.56
2669	136.61
2670	136.66
2671	136.72
2672	136.77
2673	136.82
2674	136.87
2675	136.93
2676	136.98
2677	137.03
2678	137.08
2679	137.14
2680	137.19
2681	137.24
2682	137.29
2683	137.34
2684	137.4
2685	137.45
2686	137.5
2687	137.55
2688	137.61
2689	137.66
2690	137.71
2691	137.76
2692	137.82
2693	137.87
2694	137.92
2695	137.97
2696	138.03
2697	138.08
2698	138.13
2699	138.18
2700	138.24
2701	138.28
2702	138.34
2703	138.39
2704	138.44
2705	138.49
2706	138.55
2707	138.6
2708	138.65
2709	138.7
2710	138.76
2711	138.81
2712	138.86
2713	138.91
2714	138.97
2715	139.02
2716	139.07
2717	139.12
2718	139.18
2719	139.23
2720	139.28
2721	139.33
2722	139.38
2723	139.44
2724	139.49
2725	139.54
2726	139.59
2727	139.65
2728	139.7
2729	139.75
2730	139.8
2731	139.86
2732	139.91
2733	139.96
2734	140.01
2735	140.07
2736	140.12
2737	140.17
2738	140.22
2739	140.27
2740	140.33
2741	140.38
2742	140.43
2743	140.49
2744	140.54
2745	140.59
2746	140.64
2747	140.69
2748	140.75
2749	140.8
2750	140.85
2751	140.9
2752	140.95
2753	141.01
2754	141.06
2755	141.11
2756	141.16
2757	141.22
2758	141.27
2759	141.32
2760	141.37
2761	141.43
2762	141.48
2763	141.53
2764	141.58
2765	141.63
2766	141.69
2767	141.74
2768	141.79
2769	141.84
2770	141.9
2771	141.95
2772	142
2773	142.05
2774	142.11
2775	142.16
2776	142.21
2777	142.26
2778	142.31
2779	142.37
2780	142.42
2781	142.47
2782	142.52
2783	142.58
2784	142.63
2785	142.68
2786	142.73
2787	142.78
2788	142.84
2789	142.89
2790	142.94
2791	142.99
2792	143.05
2793	143.1
2794	143.15
2795	143.2
2796	143.26
2797	143.31
2798	143.36
2799	143.41
2800	143.47
2801	143.52
2802	143.57
2803	143.62
2804	143.68
2805	143.73
2806	143.78
2807	143.83
2808	143.88
2809	143.94
2810	143.99
2811	144.04
2812	144.09
2813	144.15
2814	144.2
2815	144.25
2816	144.3
2817	144.36
2818	144.41
2819	144.46
2820	144.51
2821	144.57
2822	144.62
2823	144.67
2824	144.72
2825	144.77
2826	144.83
2827	144.88
2828	144.93
2829	144.98
2830	145.04
2831	145.09
2832	145.14
2833	145.19
2834	145.24
2835	145.3
2836	145.35
2837	145.4
2838	145.45
2839	145.51
2840	145.56
2841	145.61
2842	145.66
2843	145.72
2844	145.77
2845	145.82
2846	145.87
2847	145.92
2848	145.98
2849	146.04
2850	146.09
2851	146.14
2852	146.19
2853	146.24
2854	146.3
2855	146.35
2856	146.4
2857	146.45
2858	146.51
2859	146.56
2860	146.61
2861	146.66
2862	146.72
2863	146.77
2864	146.82
2865	146.87
2866	146.92
2867	146.98
2868	147.03
2869	147.08
2870	147.13
2871	147.19
2872	147.24
2873	147.29
2874	147.34
2875	147.4
2876	147.45
2877	147.5
2878	147.55
2879	147.61
2880	147.66
2881	147.71
2882	147.76
2883	147.81
2884	147.87
2885	147.92
2886	147.97
2887	148.02
2888	148.08
2889	148.13
2890	148.18
2891	148.23
2892	148.29
2893	148.34
2894	148.39
2895	148.44
2896	148.49
2897	148.55
2898	148.59
2899	148.65
2900	148.7
2901	148.75
2902	148.8
2903	148.86
2904	148.91
2905	148.96
2906	149.01
2907	149.06
2908	149.12
2909	149.17
2910	149.22
2911	149.27
2912	149.33
2913	149.38
2914	149.43
2915	149.48
2916	149.54
2917	149.59
2918	149.64
2919	149.69
2920	149.74
2921	149.8
2922	149.85
2923	149.9
2924	149.95
2925	150.01
2926	150.06
2927	150.12
2928	150.17
2929	150.22
2930	150.27
2931	150.33
2932	150.38
2933	150.43
2934	150.48
2935	150.53
2936	150.59
2937	150.64
2938	150.69
2939	150.74
2940	150.8
2941	150.85
2942	150.9
2943	150.95
2944	151.01
2945	151.06
2946	151.11
2947	151.16
2948	151.21
2949	151.27
2950	151.32
2951	151.37
2952	151.42
2953	151.48
2954	151.53
2955	151.58
2956	151.63
2957	151.68
2958	151.74
2959	151.79
2960	151.84
2961	151.89
2962	151.95
2963	152
2964	152.05
2965	152.1
2966	152.16
2967	152.21
2968	152.26
2969	152.31
2970	152.37
2971	152.42
2972	152.47
2973	152.52
2974	152.58
2975	152.63
2976	152.68
2977	152.73
2978	152.78
2979	152.84
2980	152.89
2981	152.94
2982	152.99
2983	153.05
2984	153.1
2985	153.15
2986	153.2
2987	153.25
2988	153.31
2989	153.36
2990	153.41
2991	153.46
2992	153.52
2993	153.57
2994	153.62
2995	153.67
2996	153.73
2997	153.78
2998	153.83
2999	153.88
3000	154.06
3001	154.12
3002	154.17
3003	154.23
3004	154.28
3005	154.33
3006	154.38
3007	154.43
3008	154.48
3009	154.54
3010	154.59
3011	154.64
3012	154.69
3013	154.75
3014	154.8
3015	154.85
3016	154.9
3017	154.96
3018	155.01
3019	155.06
3020	155.11
3021	155.17
3022	155.22
3023	155.27
3024	155.32
3025	155.37
3026	155.43
3027	155.48
3028	155.53
3029	155.58
3030	155.64
3031	155.69
3032	155.74
3033	155.79
3034	155.85
3035	155.9
3036	155.95
3037	156
3038	156.05
3039	156.11
3040	156.16
3041	156.21
3042	156.26
3043	156.32
3044	156.37
3045	156.42
3046	156.47
3047	156.53
3048	156.58
3049	156.63
3050	156.68
3051	156.73
3052	156.79
3053	156.84
3054	156.89
3055	156.94
3056	157
3057	157.05
3058	157.1
3059	157.15
3060	157.2
3061	157.26
3062	157.31
3063	157.36
3064	157.41
3065	157.47
3066	157.52
3067	157.57
3068	157.62
3069	157.68
3070	157.73
3071	157.78
3072	157.83
3073	157.89
3074	157.94
3075	157.99
3076	158.04
3077	158.09
3078	158.15
3079	158.2
3080	158.25
3081	158.3
3082	158.36
3083	158.41
3084	158.46
3085	158.51
3086	158.56
3087	158.62
3088	158.67
3089	158.72
3090	158.78
3091	158.83
3092	158.88
3093	158.93
3094	158.99
3095	159.04
3096	159.09
3097	159.15
3098	159.2
3099	159.25
3100	159.31
3101	159.36
3102	159.41
3103	159.47
3104	159.52
3105	159.57
3106	159.62
3107	159.68
3108	159.73
3109	159.78
3110	159.84
3111	159.89
3112	159.94
3113	160
3114	160.05
3115	160.1
3116	160.15
3117	160.21
3118	160.26
3119	160.31
3120	160.36
3121	160.42
3122	160.47
3123	160.52
3124	160.58
3125	160.63
3126	160.68
3127	160.73
3128	160.79
3129	160.84
3130	160.89
3131	160.94
3132	160.99
3133	161.05
3134	161.1
3135	161.15
3136	161.21
3137	161.26
3138	161.31
3139	161.37
3140	161.42
3141	161.47
3142	161.52
3143	161.58
3144	161.63
3145	161.68
3146	161.73
3147	161.79
3148	161.84
3149	161.89
3150	161.95
3151	162
3152	162.05
3153	162.1
3154	162.16
3155	162.21
3156	162.26
3157	162.31
3158	162.37
3159	162.42
3160	162.47
3161	162.52
3162	162.57
3163	162.62
3164	162.68
3165	162.73
3166	162.78
3167	162.83
3168	162.89
3169	162.94
3170	163
3171	163.06
3172	163.11
3173	163.17
3174	163.22
3175	163.28
3176	163.33
3177	163.39
3178	163.44
3179	163.5
3180	163.56
3181	163.61
3182	163.66
3183	163.72
3184	163.77
3185	163.82
3186	163.87
3187	163.93
3188	163.98
3189	164.03
3190	164.08
3191	164.14
3192	164.19
3193	164.24
3194	164.3
3195	164.35
3196	164.4
3197	164.46
3198	164.51
3199	164.56
3200	164.61
3201	164.67
3202	164.72
3203	164.77
3204	164.82
3205	164.88
3206	164.93
3207	164.98
3208	165.03
3209	165.09
3210	165.14
3211	165.19
3212	165.24
3213	165.3
3214	165.35
3215	165.4
3216	165.46
3217	165.51
3218	165.56
3219	165.61
3220	165.66
3221	165.72
3222	165.77
3223	165.83
3224	165.88
3225	165.93
3226	165.99
3227	166.04
3228	166.09
3229	166.14
3230	166.2
3231	166.25
3232	166.3
3233	166.35
3234	166.4
3235	166.46
3236	166.51
3237	166.56
3238	166.62
3239	166.67
3240	166.72
3241	166.77
3242	166.83
3243	166.88
3244	166.93
3245	166.98
3246	167.04
3247	167.09
3248	167.14
3249	167.2
3250	167.25
3251	167.3
3252	167.36
3253	167.41
3254	167.46
3255	167.52
3256	167.57
3257	167.62
3258	167.67
3259	167.73
3260	167.78
3261	167.83
3262	167.88
3263	167.94
3264	167.99
3265	168.04
3266	168.09
3267	168.15
3268	168.2
3269	168.25
3270	168.3
3271	168.36
3272	168.41
3273	168.46
3274	168.51
3275	168.57
3276	168.62
3277	168.67
3278	168.72
3279	168.77
3280	168.83
3281	168.88
3282	168.93
3283	168.98
3284	169.04
3285	169.09
3286	169.14
3287	169.19
3288	169.25
3289	169.3
3290	169.35
3291	169.41
3292	169.46
3293	169.51
3294	169.56
3295	169.62
3296	169.67
3297	169.72
3298	169.77
3299	169.82
3300	169.88
3301	169.93
3302	169.98
3303	170.03
3304	170.09
3305	170.14
3306	170.19
3307	170.25
3308	170.3
3309	170.35
3310	170.4
3311	170.46
3312	170.51
3313	170.57
3314	170.62
3315	170.67
3316	170.73
3317	170.78
3318	170.83
3319	170.89
3320	170.94
3321	170.99
3322	171.04
3323	171.1
3324	171.15
3325	171.2
3326	171.25
3327	171.31
3328	171.36
3329	171.41
3330	171.46
3331	171.52
3332	171.57
3333	171.62
3334	171.68
3335	171.73
3336	171.78
3337	171.84
3338	171.89
3339	171.94
3340	171.99
3341	172.05
3342	172.1
3343	172.15
3344	172.21
3345	172.26
3346	172.31
3347	172.36
3348	172.42
3349	172.47
3350	172.52
3351	172.58
3352	172.63
3353	172.68
3354	172.73
3355	172.79
3356	172.84
3357	172.89
3358	172.94
3359	173
3360	173.05
3361	173.11
3362	173.17
3363	173.22
3364	173.28
3365	173.33
3366	173.39
3367	173.44
3368	173.49
3369	173.55
3370	173.6
3371	173.66
3372	173.72
3373	173.77
3374	173.83
3375	173.88
3376	173.94
3377	174
3378	174.05
3379	174.11
3380	174.16
3381	174.23
3382	174.29
3383	174.34
3384	174.39
3385	174.45
3386	174.5
3387	174.56
3388	174.61
3389	174.67
3390	174.72
3391	174.77
3392	174.83
3393	174.88
3394	174.93
3395	174.99
3396	175.04
3397	175.09
3398	175.15
3399	175.2
3400	175.25
3401	175.3
3402	175.36
3403	175.41
3404	175.46
3405	175.52
3406	175.57
3407	175.62
3408	175.68
3409	175.73
3410	175.78
3411	175.83
3412	175.89
3413	175.94
3414	176
3415	176.06
3416	176.11
3417	176.16
3418	176.22
3419	176.27
3420	176.33
3421	176.38
3422	176.44
3423	176.49
3424	176.55
3425	176.61
3426	176.66
3427	176.72
3428	176.77
3429	176.83
3430	176.88
3431	176.93
3432	176.99
3433	177.04
3434	177.09
3435	177.14
3436	177.2
3437	177.25
3438	177.3
3439	177.36
3440	177.41
3441	177.47
3442	177.52
3443	177.57
3444	177.63
3445	177.68
3446	177.73
3447	177.79
3448	177.84
3449	177.89
3450	177.94
3451	178
3452	178.05
3453	178.1
3454	178.16
3455	178.21
3456	178.26
3457	178.32
3458	178.37
3459	178.42
3460	178.48
3461	178.53
3462	178.58
3463	178.63
3464	178.69
3465	178.74
3466	178.8
3467	178.86
3468	178.92
3469	178.97
3470	179.03
3471	179.08
3472	179.13
3473	179.19
3474	179.24
3475	179.29
3476	179.34
3477	179.4
3478	179.45
3479	179.5
3480	179.56
3481	179.61
3482	179.66
3483	179.71
3484	179.77
3485	179.82
3486	179.87
3487	179.93
3488	179.98
3489	180.04
3490	180.09
3491	180.14
3492	180.2
3493	180.25
3494	180.3
3495	180.36
3496	180.41
3497	180.46
3498	180.52
3499	180.57
3500	180.62
3501	180.68
3502	180.73
3503	180.78
3504	180.84
3505	180.89
3506	180.94
3507	181
3508	181.05
3509	181.11
3510	181.16
3511	181.21
3512	181.27
3513	181.32
3514	181.37
3515	181.43
3516	181.48
3517	181.53
3518	181.59
3519	181.64
3520	181.69
3521	181.74
3522	181.8
3523	181.85
3524	181.9
3525	181.96
3526	182.01
3527	182.06
3528	182.12
3529	182.17
3530	182.23
3531	182.28
3532	182.33
3533	182.39
3534	182.44
3535	182.49
3536	182.55
3537	182.6
3538	182.65
3539	182.71
3540	182.76
3541	182.81
3542	182.87
3543	182.92
3544	182.97
3545	183.02
3546	183.08
3547	183.13
3548	183.18
3549	183.24
3550	183.29
3551	183.34
3552	183.4
3553	183.45
3554	183.5
3555	183.55
3556	183.61
3557	183.66
3558	183.71
3559	183.77
3560	183.82
3561	183.87
3562	183.92
3563	183.98
3564	184.03
3565	184.08
3566	184.14
3567	184.19
3568	184.24
3569	184.3
3570	184.35
3571	184.4
3572	184.46
3573	184.51
3574	184.57
3575	184.62
3576	184.67
3577	184.73
3578	184.78
3579	184.84
3580	184.89
3581	184.94
3582	185
3583	185.05
3584	185.1
3585	185.16
3586	185.21
3587	185.26
3588	185.32
3589	185.37
3590	185.42
3591	185.48
3592	185.53
3593	185.58
3594	185.64
3595	185.69
3596	185.74
3597	185.8
3598	185.85
3599	185.9
3600	185.95
3601	186.01
3602	186.06
3603	186.11
3604	186.17
3605	186.22
3606	186.27
3607	186.33
3608	186.38
3609	186.43
3610	186.49
3611	186.54
3612	186.59
3613	186.65
3614	186.7
3615	186.75
3616	186.8
3617	186.86
3618	186.91
3619	186.96
3620	187.02
3621	187.07
3622	187.12
3623	187.17
3624	187.23
3625	187.28
3626	187.33
3627	187.39
3628	187.44
3629	187.49
3630	187.55
3631	187.6
3632	187.65
3633	187.71
3634	187.76
3635	187.81
3636	187.87
3637	187.92
3638	187.98
3639	188.03
3640	188.08
3641	188.14
3642	188.19
3643	188.25
3644	188.3
3645	188.35
3646	188.41
3647	188.46
3648	188.51
3649	188.57
3650	188.62
3651	188.67
3652	188.73
3653	188.78
3654	188.83
3655	188.89
3656	188.94
3657	188.99
3658	189.05
3659	189.1
3660	189.15
3661	189.21
3662	189.26
3663	189.31
3664	189.37
3665	189.42
3666	189.47
3667	189.52
3668	189.58
3669	189.63
3670	189.68
3671	189.74
3672	189.79
3673	189.84
3674	189.9
3675	189.95
3676	190
3677	190.06
3678	190.11
3679	190.16
3680	190.22
3681	190.27
3682	190.32
3683	190.38
3684	190.43
3685	190.48
3686	190.54
3687	190.59
3688	190.64
3689	190.7
3690	190.75
3691	190.81
3692	190.86
3693	190.92
3694	190.97
3695	191.02
3696	191.08
3697	191.13
3698	191.18
3699	191.24
3700	191.29
3701	191.35
3702	191.4
3703	191.45
3704	191.51
3705	191.56
3706	191.61
3707	191.67
3708	191.72
3709	191.77
3710	191.83
3711	191.88
3712	191.93
3713	191.99
3714	192.04
3715	192.09
3716	192.15
3717	192.2
3718	192.25
3719	192.3
3720	192.36
3721	192.41
3722	192.46
3723	192.52
3724	192.57
3725	192.63
3726	192.68
3727	192.73
3728	192.79
3729	192.84
3730	192.89
3731	192.95
3732	193
3733	193.05
3734	193.11
3735	193.16
3736	193.22
3737	193.28
3738	193.33
3739	193.38
3740	193.44
3741	193.49
3742	193.54
3743	193.59
3744	193.65
3745	193.7
3746	193.76
3747	193.81
3748	193.86
3749	193.92
3750	193.97
3751	194.02
3752	194.08
3753	194.13
3754	194.19
3755	194.24
3756	194.29
3757	194.35
3758	194.4
3759	194.45
3760	194.51
3761	194.56
3762	194.61
3763	194.67
3764	194.72
3765	194.78
3766	194.83
3767	194.89
3768	194.94
3769	194.99
3770	195.05
3771	195.1
3772	195.15
3773	195.21
3774	195.26
3775	195.31
3776	195.37
3777	195.42
3778	195.47
3779	195.52
3780	195.58
3781	195.63
3782	195.68
3783	195.74
3784	195.79
3785	195.84
3786	195.9
3787	195.95
3788	196
3789	196.06
3790	196.11
3791	196.16
3792	196.22
3793	196.28
3794	196.33
3795	196.39
3796	196.44
3797	196.49
3798	196.55
3799	196.6
3800	196.65
3801	196.7
3802	196.76
3803	196.81
3804	196.86
3805	196.92
3806	196.97
3807	197.02
3808	197.08
3809	197.13
3810	197.18
3811	197.23
3812	197.29
3813	197.34
3814	197.39
3815	197.45
3816	197.5
3817	197.55
3818	197.6
3819	197.66
3820	197.71
3821	197.76
3822	197.82
3823	197.87
3824	197.92
3825	197.98
3826	198.03
3827	198.08
3828	198.14
3829	198.19
3830	198.24
3831	198.29
3832	198.35
3833	198.4
3834	198.45
3835	198.5
3836	198.56
3837	198.61
3838	198.66
3839	198.72
3840	198.77
3841	198.82
3842	198.88
3843	198.93
3844	198.98
3845	199.04
3846	199.09
3847	199.14
3848	199.2
3849	199.25
3850	199.3
3851	199.36
3852	199.41
3853	199.47
3854	199.52
3855	199.57
3856	199.62
3857	199.68
3858	199.73
3859	199.78
3860	199.84
3861	199.89
3862	199.94
3863	200
3864	200.05
3865	200.1
3866	200.16
3867	200.21
3868	200.27
3869	200.32
3870	200.37
3871	200.42
3872	200.48
3873	200.53
3874	200.58
3875	200.63
3876	200.69
3877	200.74
3878	200.79
3879	200.85
3880	200.9
3881	200.95
3882	201.01
3883	201.06
3884	201.11
3885	201.16
3886	201.22
3887	201.27
3888	201.32
3889	201.38
3890	201.43
3891	201.48
3892	201.53
3893	201.59
3894	201.64
3895	201.69
3896	201.75
3897	201.8
3898	201.85
3899	201.9
3900	201.96
3901	202.02
3902	202.08
3903	202.13
3904	202.18
3905	202.24
3906	202.29
3907	202.34
3908	202.4
3909	202.45
3910	202.5
3911	202.55
3912	202.61
3913	202.66
3914	202.71
3915	202.77
3916	202.82
3917	202.87
3918	202.93
3919	202.98
3920	203.03
3921	203.08
3922	203.14
3923	203.19
3924	203.24
3925	203.3
3926	203.35
3927	203.4
3928	203.45
3929	203.51
3930	203.56
3931	203.61
3932	203.66
3933	203.72
3934	203.77
3935	203.83
3936	203.88
3937	203.93
3938	203.99
3939	204.04
3940	204.09
3941	204.15
3942	204.2
3943	204.25
3944	204.31
3945	204.36
3946	204.41
3947	204.47
3948	204.52
3949	204.57
3950	204.63
3951	204.68
3952	204.74
3953	204.79
3954	204.84
3955	204.9
3956	204.95
3957	205
3958	205.06
3959	205.11
3960	205.16
3961	205.22
3962	205.27
3963	205.32
3964	205.38
3965	205.43
3966	205.48
3967	205.54
3968	205.59
3969	205.64
3970	205.7
3971	205.75
3972	205.8
3973	205.86
3974	205.91
3975	205.96
3976	206.02
3977	206.07
3978	206.12
3979	206.18
3980	206.23
3981	206.28
3982	206.33
3983	206.39
3984	206.44
3985	206.49
3986	206.54
3987	206.6
3988	206.65
3989	206.7
3990	206.76
3991	206.81
3992	206.86
3993	206.92
3994	206.97
3995	207.02
3996	207.07
3997	207.13
3998	207.18
3999	207.23
4000	207.42
4001	207.48
4002	207.53
4003	207.59
4004	207.64
4005	207.69
4006	207.75
4007	207.8
4008	207.85
4009	207.91
4010	207.96
4011	208.01
4012	208.07
4013	208.12
4014	208.18
4015	208.23
4016	208.28
4017	208.34
4018	208.39
4019	208.44
4020	208.5
4021	208.55
4022	208.6
4023	208.66
4024	208.71
4025	208.76
4026	208.81
4027	208.87
4028	208.92
4029	208.97
4030	209.03
4031	209.08
4032	209.13
4033	209.19
4034	209.24
4035	209.29
4036	209.34
4037	209.4
4038	209.45
4039	209.51
4040	209.56
4041	209.61
4042	209.67
4043	209.72
4044	209.77
4045	209.83
4046	209.88
4047	209.94
4048	209.99
4049	210.04
4050	210.1
4051	210.15
4052	210.2
4053	210.26
4054	210.31
4055	210.36
4056	210.42
4057	210.47
4058	210.52
4059	210.58
4060	210.63
4061	210.69
4062	210.74
4063	210.79
4064	210.85
4065	210.9
4066	210.96
4067	211.01
4068	211.06
4069	211.12
4070	211.17
4071	211.22
4072	211.28
4073	211.33
4074	211.38
4075	211.44
4076	211.49
4077	211.54
4078	211.6
4079	211.65
4080	211.7
4081	211.76
4082	211.81
4083	211.87
4084	211.92
4085	211.97
4086	212.03
4087	212.08
4088	212.13
4089	212.19
4090	212.24
4091	212.29
4092	212.35
4093	212.4
4094	212.46
4095	212.51
4096	212.56
4097	212.61
4098	212.67
4099	212.72
4100	212.77
4101	212.83
4102	212.88
4103	212.93
4104	212.99
4105	213.04
4106	213.09
4107	213.15
4108	213.2
4109	213.25
4110	213.31
4111	213.36
4112	213.41
4113	213.46
4114	213.52
4115	213.57
4116	213.62
4117	213.68
4118	213.73
4119	213.78
4120	213.84
4121	213.89
4122	213.94
4123	214
4124	214.05
4125	214.1
4126	214.15
4127	214.2
4128	214.26
4129	214.31
4130	214.36
4131	214.42
4132	214.47
4133	214.52
4134	214.58
4135	214.63
4136	214.68
4137	214.73
4138	214.79
4139	214.84
4140	214.89
4141	214.95
4142	215
4143	215.06
4144	215.11
4145	215.16
4146	215.22
4147	215.27
4148	215.32
4149	215.38
4150	215.43
4151	215.48
4152	215.54
4153	215.59
4154	215.64
4155	215.69
4156	215.75
4157	215.8
4158	215.85
4159	215.9
4160	215.96
4161	216.01
4162	216.06
4163	216.12
4164	216.17
4165	216.22
4166	216.28
4167	216.33
4168	216.38
4169	216.43
4170	216.49
4171	216.54
4172	216.6
4173	216.65
4174	216.7
4175	216.76
4176	216.81
4177	216.86
4178	216.92
4179	216.97
4180	217.03
4181	217.08
4182	217.14
4183	217.19
4184	217.24
4185	217.3
4186	217.35
4187	217.4
4188	217.46
4189	217.51
4190	217.56
4191	217.62
4192	217.67
4193	217.73
4194	217.78
4195	217.83
4196	217.89
4197	217.94
4198	217.99
4199	218.05
4200	218.1
4201	218.15
4202	218.21
4203	218.26
4204	218.31
4205	218.37
4206	218.42
4207	218.47
4208	218.53
4209	218.58
4210	218.63
4211	218.69
4212	218.74
4213	218.79
4214	218.84
4215	218.9
4216	218.95
4217	219.01
4218	219.06
4219	219.11
4220	219.17
4221	219.22
4222	219.28
4223	219.33
4224	219.38
4225	219.44
4226	219.49
4227	219.54
4228	219.59
4229	219.65
4230	219.7
4231	219.75
4232	219.81
4233	219.86
4234	219.91
4235	219.97
4236	220.02
4237	220.07
4238	220.13
4239	220.18
4240	220.23
4241	220.29
4242	220.34
4243	220.39
4244	220.45
4245	220.5
4246	220.55
4247	220.61
4248	220.66
4249	220.71
4250	220.77
4251	220.82
4252	220.88
4253	220.93
4254	220.98
4255	221.04
4256	221.09
4257	221.14
4258	221.2
4259	221.25
4260	221.3
4261	221.36
4262	221.41
4263	221.46
4264	221.52
4265	221.57
4266	221.62
4267	221.68
4268	221.73
4269	221.78
4270	221.84
4271	221.89
4272	221.94
4273	222
4274	222.05
4275	222.1
4276	222.16
4277	222.21
4278	222.26
4279	222.32
4280	222.38
4281	222.43
4282	222.49
4283	222.54
4284	222.6
4285	222.65
4286	222.7
4287	222.76
4288	222.81
4289	222.87
4290	222.92
4291	222.98
4292	223.03
4293	223.08
4294	223.14
4295	223.19
4296	223.24
4297	223.3
4298	223.35
4299	223.41
4300	223.46
4301	223.52
4302	223.57
4303	223.63
4304	223.68
4305	223.74
4306	223.79
4307	223.84
4308	223.9
4309	223.95
4310	224.01
4311	224.06
4312	224.11
4313	224.17
4314	224.22
4315	224.27
4316	224.33
4317	224.38
4318	224.43
4319	224.49
4320	224.54
4321	224.6
4322	224.65
4323	224.71
4324	224.76
4325	224.81
4326	224.87
4327	224.92
4328	224.97
4329	225.03
4330	225.08
4331	225.13
4332	225.19
4333	225.24
4334	225.3
4335	225.35
4336	225.4
4337	225.46
4338	225.51
4339	225.56
4340	225.62
4341	225.68
4342	225.73
4343	225.79
4344	225.85
4345	225.9
4346	225.96
4347	226.01
4348	226.07
4349	226.12
4350	226.18
4351	226.23
4352	226.29
4353	226.34
4354	226.39
4355	226.45
4356	226.5
4357	226.56
4358	226.61
4359	226.66
4360	226.72
4361	226.77
4362	226.83
4363	226.88
4364	226.94
4365	226.99
4366	227.04
4367	227.1
4368	227.15
4369	227.2
4370	227.26
4371	227.31
4372	227.37
4373	227.42
4374	227.47
4375	227.53
4376	227.58
4377	227.63
4378	227.68
4379	227.74
4380	227.79
4381	227.84
4382	227.9
4383	227.95
4384	228.01
4385	228.06
4386	228.11
4387	228.17
4388	228.22
4389	228.27
4390	228.33
4391	228.38
4392	228.44
4393	228.49
4394	228.54
4395	228.6
4396	228.65
4397	228.7
4398	228.76
4399	228.81
4400	228.86
4401	228.92
4402	228.97
4403	229.02
4404	229.08
4405	229.13
4406	229.18
4407	229.24
4408	229.29
4409	229.35
4410	229.4
4411	229.45
4412	229.51
4413	229.56
4414	229.62
4415	229.67
4416	229.72
4417	229.78
4418	229.83
4419	229.89
4420	229.94
4421	229.99
4422	230.05
4423	230.1
4424	230.16
4425	230.21
4426	230.26
4427	230.32
4428	230.37
4429	230.43
4430	230.48
4431	230.53
4432	230.59
4433	230.64
4434	230.69
4435	230.75
4436	230.8
4437	230.85
4438	230.91
4439	230.96
4440	231.01
4441	231.07
4442	231.12
4443	231.17
4444	231.23
4445	231.28
4446	231.33
4447	231.39
4448	231.44
4449	231.49
4450	231.55
4451	231.6
4452	231.65
4453	231.71
4454	231.76
4455	231.81
4456	231.87
4457	231.92
4458	231.97
4459	232.03
4460	232.08
4461	232.13
4462	232.19
4463	232.24
4464	232.29
4465	232.35
4466	232.4
4467	232.45
4468	232.51
4469	232.56
4470	232.61
4471	232.66
4472	232.72
4473	232.77
4474	232.82
4475	232.88
4476	232.93
4477	232.98
4478	233.04
4479	233.09
4480	233.15
4481	233.2
4482	233.25
4483	233.31
4484	233.36
4485	233.41
4486	233.47
4487	233.52
4488	233.57
4489	233.63
4490	233.68
4491	233.74
4492	233.79
4493	233.84
4494	233.9
4495	233.95
4496	234.01
4497	234.06
4498	234.12
4499	234.17
4500	234.23
4501	234.28
4502	234.34
4503	234.39
4504	234.45
4505	234.5
4506	234.55
4507	234.61
4508	234.66
4509	234.72
4510	234.77
4511	234.83
4512	234.88
4513	234.94
4514	234.99
4515	235.04
4516	235.1
4517	235.15
4518	235.2
4519	235.26
4520	235.31
4521	235.37
4522	235.43
4523	235.49
4524	235.55
4525	235.61
4526	235.66
4527	235.72
4528	235.78
4529	235.84
4530	235.9
4531	235.95
4532	236.01
4533	236.07
4534	236.13
4535	236.19
4536	236.25
4537	236.31
4538	236.37
4539	236.43
4540	236.49
4541	236.55
4542	236.61
4543	236.67
4544	236.73
4545	236.79
4546	236.85
4547	236.91
4548	236.97
4549	237.02
4550	237.08
4551	237.14
4552	237.2
4553	237.26
4554	237.32
4555	237.38
4556	237.44
4557	237.5
4558	237.56
4559	237.62
4560	237.68
4561	237.74
4562	237.79
4563	237.85
4564	237.91
4565	237.97
4566	238.03
4567	238.09
4568	238.15
4569	238.2
4570	238.26
4571	238.31
4572	238.37
4573	238.42
4574	238.48
4575	238.53
4576	238.58
4577	238.64
4578	238.69
4579	238.75
4580	238.8
4581	238.85
4582	238.91
4583	238.96
4584	239.02
4585	239.07
4586	239.12
4587	239.18
4588	239.23
4589	239.29
4590	239.34
4591	239.4
4592	239.45
4593	239.5
4594	239.56
4595	239.61
4596	239.67
4597	239.72
4598	239.77
4599	239.83
4600	239.88
4601	239.94
4602	239.99
4603	240.04
4604	240.1
4605	240.15
4606	240.21
4607	240.26
4608	240.31
4609	240.37
4610	240.42
4611	240.47
4612	240.53
4613	240.6
4614	240.65
4615	240.7
4616	240.76
4617	240.81
4618	240.86
4619	240.92
4620	240.97
4621	241.03
4622	241.08
4623	241.14
4624	241.19
4625	241.24
4626	241.3
4627	241.35
4628	241.41
4629	241.46
4630	241.51
4631	241.57
4632	241.62
4633	241.68
4634	241.73
4635	241.78
4636	241.84
4637	241.89
4638	241.95
4639	242
4640	242.06
4641	242.11
4642	242.16
4643	242.22
4644	242.27
4645	242.32
4646	242.38
4647	242.43
4648	242.49
4649	242.54
4650	242.6
4651	242.64
4652	242.7
4653	242.75
4654	242.81
4655	242.86
4656	242.92
4657	242.97
4658	243.02
4659	243.08
4660	243.13
4661	243.19
4662	243.24
4663	243.29
4664	243.35
4665	243.4
4666	243.46
4667	243.51
4668	243.56
4669	243.62
4670	243.67
4671	243.72
4672	243.78
4673	243.83
4674	243.88
4675	243.94
4676	244
4677	244.06
4678	244.11
4679	244.16
4680	244.22
4681	244.27
4682	244.33
4683	244.38
4684	244.43
4685	244.49
4686	244.55
4687	244.6
4688	244.65
4689	244.71
4690	244.76
4691	244.82
4692	244.87
4693	244.92
4694	244.98
4695	245.03
4696	245.09
4697	245.15
4698	245.2
4699	245.25
4700	245.31
4701	245.36
4702	245.42
4703	245.47
4704	245.52
4705	245.58
4706	245.63
4707	245.69
4708	245.74
4709	245.79
4710	245.85
4711	245.9
4712	245.96
4713	246.01
4714	246.06
4715	246.12
4716	246.17
4717	246.23
4718	246.28
4719	246.33
4720	246.39
4721	246.44
4722	246.49
4723	246.55
4724	246.6
4725	246.65
4726	246.71
4727	246.76
4728	246.81
4729	246.87
4730	246.92
4731	246.97
4732	247.03
4733	247.08
4734	247.13
4735	247.19
4736	247.24
4737	247.29
4738	247.35
4739	247.4
4740	247.45
4741	247.51
4742	247.56
4743	247.61
4744	247.67
4745	247.72
4746	247.77
4747	247.83
4748	247.88
4749	247.93
4750	247.99
4751	248.04
4752	248.09
4753	248.15
4754	248.2
4755	248.25
4756	248.31
4757	248.36
4758	248.41
4759	248.47
4760	248.52
4761	248.57
4762	248.63
4763	248.68
4764	248.73
4765	248.79
4766	248.84
4767	248.89
4768	248.95
4769	249
4770	249.05
4771	249.11
4772	249.16
4773	249.22
4774	249.27
4775	249.33
4776	249.38
4777	249.44
4778	249.49
4779	249.54
4780	249.6
4781	249.65
4782	249.71
4783	249.76
4784	249.81
4785	249.86
4786	249.92
4787	249.97
4788	250.02
4789	250.08
4790	250.13
4791	250.18
4792	250.24
4793	250.29
4794	250.35
4795	250.4
4796	250.46
4797	250.51
4798	250.56
4799	250.61
4800	250.67
4801	250.72
4802	250.77
4803	250.83
4804	250.88
4805	250.93
4806	250.99
4807	251.04
4808	251.1
4809	251.15
4810	251.2
4811	251.26
4812	251.31
4813	251.37
4814	251.42
4815	251.47
4816	251.53
4817	251.58
4818	251.63
4819	251.69
4820	251.74
4821	251.8
4822	251.85
4823	251.9
4824	251.96
4825	252.01
4826	252.06
4827	252.12
4828	252.17
4829	252.22
4830	252.28
4831	252.33
4832	252.39
4833	252.44
4834	252.49
4835	252.55
4836	252.6
4837	252.65
4838	252.71
4839	252.76
4840	252.81
4841	252.87
4842	252.92
4843	252.97
4844	253.03
4845	253.08
4846	253.13
4847	253.19
4848	253.24
4849	253.3
4850	253.35
4851	253.41
4852	253.47
4853	253.53
4854	253.59
4855	253.65
4856	253.71
4857	253.77
4858	253.83
4859	253.89
4860	253.95
4861	254.01
4862	254.07
4863	254.13
4864	254.19
4865	254.25
4866	254.31
4867	254.37
4868	254.43
4869	254.49
4870	254.55
4871	254.61
4872	254.66
4873	254.72
4874	254.77
4875	254.82
4876	254.88
4877	254.94
4878	254.99
4879	255.04
4880	255.1
4881	255.15
4882	255.21
4883	255.26
4884	255.31
4885	255.37
4886	255.42
4887	255.48
4888	255.53
4889	255.59
4890	255.64
4891	255.7
4892	255.75
4893	255.8
4894	255.86
4895	255.92
4896	255.97
4897	256.03
4898	256.08
4899	256.13
4900	256.19
4901	256.24
4902	256.29
4903	256.35
4904	256.4
4905	256.45
4906	256.51
4907	256.56
4908	256.62
4909	256.67
4910	256.73
4911	256.78
4912	256.83
4913	256.89
4914	256.94
4915	256.99
4916	257.05
4917	257.1
4918	257.16
4919	257.21
4920	257.26
4921	257.32
4922	257.37
4923	257.42
4924	257.48
4925	257.53
4926	257.59
4927	257.64
4928	257.7
4929	257.76
4930	257.81
4931	257.87
4932	257.92
4933	257.97
4934	258.03
4935	258.08
4936	258.14
4937	258.19
4938	258.25
4939	258.3
4940	258.35
4941	258.41
4942	258.46
4943	258.52
4944	258.57
4945	258.62
4946	258.68
4947	258.73
4948	258.79
4949	258.84
4950	258.89
4951	258.95
4952	259
4953	259.06
4954	259.11
4955	259.17
4956	259.22
4957	259.27
4958	259.33
4959	259.38
4960	259.44
4961	259.49
4962	259.54
4963	259.6
4964	259.65
4965	259.71
4966	259.76
4967	259.81
4968	259.87
4969	259.92
4970	259.97
4971	260.03
4972	260.08
4973	260.14
4974	260.19
4975	260.24
4976	260.3
4977	260.35
4978	260.4
4979	260.46
4980	260.51
4981	260.57
4982	260.62
4983	260.68
4984	260.73
4985	260.78
4986	260.84
4987	260.89
4988	260.94
4989	261
4990	261.05
4991	261.11
4992	261.16
4993	261.22
4994	261.27
4995	261.33
4996	261.38
4997	261.43
4998	261.49
4999	261.54
5000	261.73
5001	261.79
5002	261.84
5003	261.9
5004	261.95
5005	262
5006	262.06
5007	262.11
5008	262.17
5009	262.22
5010	262.27
5011	262.33
5012	262.38
5013	262.44
5014	262.49
5015	262.54
5016	262.6
5017	262.66
5018	262.71
5019	262.76
5020	262.82
5021	262.87
5022	262.93
5023	262.98
5024	263.03
5025	263.09
5026	263.14
5027	263.19
5028	263.25
5029	263.3
5030	263.36
5031	263.41
5032	263.46
5033	263.52
5034	263.57
5035	263.63
5036	263.68
5037	263.73
5038	263.79
5039	263.84
5040	263.9
5041	263.95
5042	264
5043	264.06
5044	264.11
5045	264.17
5046	264.22
5047	264.27
5048	264.33
5049	264.38
5050	264.43
5051	264.49
5052	264.54
5053	264.6
5054	264.65
5055	264.7
5056	264.76
5057	264.81
5058	264.87
5059	264.93
5060	264.98
5061	265.03
5062	265.09
5063	265.14
5064	265.2
5065	265.25
5066	265.3
5067	265.36
5068	265.41
5069	265.46
5070	265.52
5071	265.57
5072	265.62
5073	265.68
5074	265.73
5075	265.79
5076	265.84
5077	265.89
5078	265.95
5079	266
5080	266.05
5081	266.11
5082	266.16
5083	266.21
5084	266.27
5085	266.32
5086	266.38
5087	266.43
5088	266.48
5089	266.54
5090	266.59
5091	266.65
5092	266.7
5093	266.76
5094	266.81
5095	266.87
5096	266.92
5097	266.97
5098	267.03
5099	267.08
5100	267.14
5101	267.19
5102	267.24
5103	267.3
5104	267.35
5105	267.41
5106	267.46
5107	267.51
5108	267.57
5109	267.62
5110	267.68
5111	267.73
5112	267.78
5113	267.84
5114	267.89
5115	267.95
5116	268
5117	268.05
5118	268.11
5119	268.16
5120	268.22
5121	268.27
5122	268.33
5123	268.39
5124	268.44
5125	268.5
5126	268.55
5127	268.61
5128	268.66
5129	268.72
5130	268.77
5131	268.82
5132	268.88
5133	268.93
5134	268.99
5135	269.04
5136	269.09
5137	269.15
5138	269.2
5139	269.26
5140	269.31
5141	269.37
5142	269.42
5143	269.47
5144	269.53
5145	269.58
5146	269.64
5147	269.69
5148	269.74
5149	269.8
5150	269.85
5151	269.91
5152	269.96
5153	270.01
5154	270.07
5155	270.12
5156	270.18
5157	270.23
5158	270.29
5159	270.34
5160	270.4
5161	270.45
5162	270.51
5163	270.56
5164	270.61
5165	270.67
5166	270.72
5167	270.78
5168	270.83
5169	270.89
5170	270.94
5171	271
5172	271.06
5173	271.11
5174	271.17
5175	271.22
5176	271.28
5177	271.33
5178	271.39
5179	271.44
5180	271.49
5181	271.55
5182	271.6
5183	271.66
5184	271.71
5185	271.76
5186	271.82
5187	271.87
5188	271.93
5189	271.98
5190	272.04
5191	272.09
5192	272.14
5193	272.2
5194	272.25
5195	272.31
5196	272.37
5197	272.42
5198	272.48
5199	272.53
5200	272.58
5201	272.64
5202	272.69
5203	272.75
5204	272.8
5205	272.85
5206	272.91
5207	272.96
5208	273.01
5209	273.07
5210	273.12
5211	273.18
5212	273.24
5213	273.29
5214	273.35
5215	273.4
5216	273.45
5217	273.51
5218	273.56
5219	273.62
5220	273.67
5221	273.72
5222	273.78
5223	273.83
5224	273.89
5225	273.94
5226	274
5227	274.05
5228	274.1
5229	274.16
5230	274.21
5231	274.27
5232	274.32
5233	274.37
5234	274.43
5235	274.48
5236	274.54
5237	274.59
5238	274.65
5239	274.7
5240	274.76
5241	274.81
5242	274.87
5243	274.93
5244	274.98
5245	275.03
5246	275.09
5247	275.14
5248	275.2
5249	275.25
5250	275.3
5251	275.36
5252	275.41
5253	275.47
5254	275.53
5255	275.58
5256	275.64
5257	275.69
5258	275.75
5259	275.8
5260	275.85
5261	275.91
5262	275.96
5263	276.02
5264	276.07
5265	276.12
5266	276.18
5267	276.23
5268	276.29
5269	276.34
5270	276.39
5271	276.45
5272	276.5
5273	276.56
5274	276.61
5275	276.67
5276	276.72
5277	276.77
5278	276.83
5279	276.88
5280	276.94
5281	276.99
5282	277.05
5283	277.1
5284	277.16
5285	277.21
5286	277.27
5287	277.32
5288	277.37
5289	277.43
5290	277.48
5291	277.54
5292	277.59
5293	277.65
5294	277.7
5295	277.75
5296	277.81
5297	277.86
5298	277.92
5299	277.97
5300	278.03
5301	278.08
5302	278.13
5303	278.19
5304	278.24
5305	278.3
5306	278.35
5307	278.4
5308	278.46
5309	278.51
5310	278.57
5311	278.62
5312	278.67
5313	278.73
5314	278.78
5315	278.84
5316	278.89
5317	278.94
5318	279
5319	279.05
5320	279.1
5321	279.16
5322	279.21
5323	279.27
5324	279.32
5325	279.38
5326	279.43
5327	279.48
5328	279.54
5329	279.59
5330	279.64
5331	279.7
5332	279.75
5333	279.81
5334	279.86
5335	279.91
5336	279.97
5337	280.02
5338	280.08
5339	280.13
5340	280.18
5341	280.24
5342	280.29
5343	280.35
5344	280.4
5345	280.46
5346	280.51
5347	280.57
5348	280.62
5349	280.67
5350	280.73
5351	280.78
5352	280.84
5353	280.89
5354	280.95
5355	281
5356	281.05
5357	281.11
5358	281.16
5359	281.22
5360	281.27
5361	281.33
5362	281.38
5363	281.43
5364	281.49
5365	281.54
5366	281.6
5367	281.65
5368	281.71
5369	281.76
5370	281.82
5371	281.87
5372	281.93
5373	281.98
5374	282.03
5375	282.09
5376	282.14
5377	282.2
5378	282.25
5379	282.31
5380	282.36
5381	282.41
5382	282.47
5383	282.52
5384	282.58
5385	282.63
5386	282.69
5387	282.74
5388	282.8
5389	282.85
5390	282.9
5391	282.96
5392	283.01
5393	283.07
5394	283.13
5395	283.18
5396	283.24
5397	283.29
5398	283.34
5399	283.4
5400	283.45
5401	283.51
5402	283.56
5403	283.62
5404	283.67
5405	283.73
5406	283.78
5407	283.84
5408	283.89
5409	283.95
5410	284
5411	284.06
5412	284.11
5413	284.17
5414	284.22
5415	284.28
5416	284.33
5417	284.39
5418	284.44
5419	284.49
5420	284.55
5421	284.6
5422	284.66
5423	284.71
5424	284.77
5425	284.82
5426	284.87
5427	284.93
5428	284.98
5429	285.04
5430	285.09
5431	285.14
5432	285.2
5433	285.25
5434	285.31
5435	285.37
5436	285.42
5437	285.48
5438	285.53
5439	285.58
5440	285.64
5441	285.69
5442	285.75
5443	285.8
5444	285.86
5445	285.91
5446	285.96
5447	286.02
5448	286.07
5449	286.13
5450	286.18
5451	286.23
5452	286.29
5453	286.34
5454	286.4
5455	286.45
5456	286.51
5457	286.56
5458	286.62
5459	286.67
5460	286.72
5461	286.78
5462	286.83
5463	286.89
5464	286.94
5465	287
5466	287.05
5467	287.11
5468	287.16
5469	287.22
5470	287.27
5471	287.32
5472	287.38
5473	287.43
5474	287.49
5475	287.54
5476	287.59
5477	287.65
5478	287.7
5479	287.76
5480	287.81
5481	287.87
5482	287.92
5483	287.97
5484	288.03
5485	288.08
5486	288.14
5487	288.19
5488	288.24
5489	288.3
5490	288.35
5491	288.41
5492	288.46
5493	288.52
5494	288.57
5495	288.62
5496	288.68
5497	288.73
5498	288.79
5499	288.84
5500	288.9
5501	288.95
5502	289.01
5503	289.06
5504	289.12
5505	289.17
5506	289.23
5507	289.28
5508	289.33
5509	289.39
5510	289.44
5511	289.5
5512	289.55
5513	289.61
5514	289.66
5515	289.72
5516	289.77
5517	289.83
5518	289.88
5519	289.94
5520	289.99
5521	290.05
5522	290.1
5523	290.15
5524	290.21
5525	290.26
5526	290.32
5527	290.37
5528	290.43
5529	290.48
5530	290.54
5531	290.59
5532	290.64
5533	290.7
5534	290.75
5535	290.81
5536	290.86
5537	290.92
5538	290.97
5539	291.03
5540	291.08
5541	291.14
5542	291.19
5543	291.25
5544	291.3
5545	291.36
5546	291.41
5547	291.46
5548	291.52
5549	291.57
5550	291.63
5551	291.68
5552	291.74
5553	291.79
5554	291.84
5555	291.9
5556	291.95
5557	292.01
5558	292.06
5559	292.11
5560	292.17
5561	292.22
5562	292.28
5563	292.33
5564	292.39
5565	292.44
5566	292.49
5567	292.55
5568	292.6
5569	292.66
5570	292.71
5571	292.77
5572	292.82
5573	292.88
5574	292.93
5575	292.99
5576	293.04
5577	293.1
5578	293.15
5579	293.2
5580	293.26
5581	293.31
5582	293.37
5583	293.42
5584	293.48
5585	293.53
5586	293.59
5587	293.64
5588	293.7
5589	293.75
5590	293.81
5591	293.86
5592	293.91
5593	293.97
5594	294.02
5595	294.08
5596	294.14
5597	294.19
5598	294.25
5599	294.3
5600	294.36
5601	294.42
5602	294.47
5603	294.53
5604	294.58
5605	294.64
5606	294.69
5607	294.75
5608	294.8
5609	294.86
5610	294.91
5611	294.96
5612	295.02
5613	295.07
5614	295.13
5615	295.18
5616	295.24
5617	295.29
5618	295.34
5619	295.4
5620	295.45
5621	295.52
5622	295.57
5623	295.63
5624	295.68
5625	295.74
5626	295.79
5627	295.85
5628	295.9
5629	295.96
5630	296.01
5631	296.06
5632	296.12
5633	296.17
5634	296.23
5635	296.28
5636	296.34
5637	296.39
5638	296.45
5639	296.5
5640	296.56
5641	296.61
5642	296.66
5643	296.72
5644	296.77
5645	296.83
5646	296.88
5647	296.94
5648	296.99
5649	297.04
5650	297.1
5651	297.16
5652	297.21
5653	297.27
5654	297.33
5655	297.38
5656	297.44
5657	297.5
5658	297.56
5659	297.61
5660	297.67
5661	297.73
5662	297.79
5663	297.84
5664	297.9
5665	297.96
5666	298.02
5667	298.07
5668	298.13
5669	298.19
