4	0.1770304533596059
22	1.464738109848277
23	1.556520893227755
24	1.650601852053121
25	1.747121437011289
26	1.846117592910984
27	1.947817706474407
28	2.052397344595481
29	2.160159586794161
30	2.271358060769525
31	2.386064032222116
32	2.504125114766669
33	2.625292106521177
34	2.749186162604143
35	2.875449947834892
36	3.003746037851228
37	3.133948797812548
38	3.266022074563547
39	3.400096910022294
40	3.536453145206387
41	3.675444490002863
42	3.817213471680267
43	3.961483629228981
44	4.121241002246109
45	4.282764448717009
46	4.445191854890549
47	4.607935422315411
48	4.770867135395936
49	4.933745799861533
50	5.09691440510592
51	5.260681372195595
52	5.425628603813562
53	5.591568054988476
54	5.758718462378111
55	5.926568249786946
56	6.095567306998482
57	6.265300873553837
58	6.435992883817348
59	6.60706205071186
60	6.778598753535868
61	6.94972103348673
62	7.119871209551746
63	7.288368766404816
64	7.45486466379166
65	7.618915968044975
66	7.780682942266129
67	7.939639987519439
68	8.096173240801273
69	8.250598152983684
70	8.403760800975984
71	8.557130522314225
72	8.711859035223059
73	8.869705476463794
74	9.033060313094921
75	9.204931570866734
76	9.387052016310621
77	9.580583369419683
78	9.786327088842576
79	10.00550756240143
80	10.22149036409137
81	10.44714706039497
82	10.68045580802798
83	10.9190801436301
84	11.16115677350619
85	11.40539660506566
86	11.65042992413591
87	11.89449711286723
88	12.13559568065861
89	12.37240131706122
90	12.6047736266245
91	12.83241472206616
92	13.07496591016524
93	13.31128263300911
94	13.54153913505086
95	13.7661953010313
96	13.98689389181587
97	14.20561380450063
98	14.40705901551186
99	14.62221437404118
100	14.82073826398629
101	15.03119454417254
102	15.22644300119305
103	15.42118452763079
104	15.61725414593657
105	15.81550615504076
106	16.01771413355109
107	16.22489011211709
108	16.43728716780511
109	16.65604701177396
110	16.88225504232772
111	17.11659898913018
112	17.35925290977368
113	17.60836670561518
114	17.86271921300982
115	18.1195660812024
116	18.37735182871421
117	18.63467580084919
118	18.89178781514472
119	19.14868002189674
120	19.40613849357292
121	19.66391762340221
122	19.92343030064825
123	20.18609447902004
124	20.45258963899548
125	20.71955312757773
126	20.98456057992266
127	21.24571446915548
128	21.50297589922875
129	21.75725384119007
130	22.00970561517421
131	22.26171508410695
132	22.51276088567126
133	22.76186805691938
134	23.00760942528568
135	23.2496962199106
136	23.48732830759955
137	23.72191962013044
138	23.95471814802799
139	24.18791648363029
140	24.42548325126606
141	24.66740725683939
142	24.91547572867736
143	25.17096876507554
144	25.42637387036798
145	25.68042666238221
146	25.93461180149744
147	26.18929375974464
148	26.44688442876414
149	26.70759203273304
150	26.97272729562278
151	27.24457681362925
152	27.52109298031217
153	27.79752787319716
154	28.07497330611761
155	28.3574775324709
156	28.6456526411698
157	28.94050534513414
158	29.24274840371172
159	29.55425736528779
160	29.87548515923834
161	30.2069025406978
162	30.54868481151057
163	30.90201741136563
164	31.26874799814227
165	31.65136852049625
166	32.05133632637985
167	32.46760438614005
168	32.89730740881112
169	33.33969670944237
170	33.79230258804986
171	34.25189302796618
172	34.71580110240385
173	35.18222634493552
174	35.64980590653358
175	36.11996911608841
176	36.59683055000266
177	37.08295252770573
178	37.57971363888191
179	38.08768421604125
180	38.60356045678812
181	39.12428268904468
182	39.64924842751393
183	40.177182785291
184	40.70575567123016
185	41.23459756736963
186	41.76356044686485
187	42.29427926537594
188	42.82413133400585
189	43.35274910011865
190	43.88093229962396
191	44.41062878942859
192	44.94292225892104
193	45.47941904528136
194	46.02290294979181
195	46.57818013327104
196	47.14636292702214
197	47.72750595857215
198	48.32209302619284
199	48.93112501600096
200	49.55533984679725
201	50.19400162353644
202	50.84621175668629
203	51.51010235486376
204	52.1835329164042
205	52.863320480397
206	53.54733595712547
207	54.23273935029349
208	54.9185246437193
209	55.60610818300306
210	56.29502968672487
211	56.9859696058203
212	57.67594158630031
213	58.36459513090576
214	59.05076835822927
215	59.73409078829292
216	60.41317556447255
217	61.08847341265444
218	61.75814166809275
219	62.42109835565881
220	63.07558862821719
221	63.7199982261689
222	64.35412752312548
223	64.97753413976837
224	65.58888234975353
225	66.18560168584786
226	66.76815259753496
227	67.33531596106251
228	67.883690044696
229	68.41142114033511
230	68.91994991958411
231	69.40731948172802
232	69.87571539451653
233	70.32381750307977
234	70.74987926542499
235	71.15551484689185
236	71.54267337048933
237	71.91281591047928
238	72.27089797214686
239	72.62061957792154
240	72.96632749864122
241	73.31066100822349
242	73.65843363528487
243	74.01592122387873
244	74.38776361987652
245	74.77633997742402
246	75.18695709810277
247	75.623916515538
248	76.08938297578533
249	76.58541337682678
250	77.11488479576654
251	77.67396267150153
252	78.26413928421648
253	78.88201998293123
254	79.52774111699499
255	80.19896103555929
256	80.89446293844148
257	81.61170262216139
258	82.34771259874191
259	83.10176270716164
260	83.87344348567615
261	84.66008142368568
262	85.46067268131941
263	86.2731823844682
264	87.09626531961744
265	87.92808219593761
266	88.76714976159532
267	89.61131819961489
268	90.45802839953693
269	91.30567726287966
270	92.15456786880665
271	93.00273028147252
272	93.85032942294823
273	94.69771143301099
274	95.54246265838678
275	96.38625972921309
276	97.22848885959179
277	98.06857075133516
278	98.90683413010062
279	99.74200983537847
280	100.5745329214805
281	101.4047327490885
282	102.2327672025589
283	103.0581861431005
284	103.8808770260261
285	104.7021990616538
286	105.5222144577653
287	106.3421674802264
288	107.1624573407393
289	107.9834577476252
290	108.8057320438998
291	109.6294975743871
292	110.4552340914407
293	111.2835905500438
294	112.1151113106192
295	112.9506054516134
296	113.7902014410339
297	114.6341424255195
298	115.4828381528944
299	116.336096271651
300	117.1932557480494
301	118.054435343488
302	118.9196170944797
303	119.7875097678299
304	120.6577845382989
305	121.5304958169498
306	122.4049593206606
307	123.2810612327478
308	124.1585801098833
309	125.0374263814107
310	125.9173149343834
311	126.797934259342
312	127.6784993650701
313	128.5589449530617
314	129.4389127337554
315	130.318567281569
316	131.1974238252975
317	132.0755858413139
318	132.9530607230163
320	134.7061124973892
326	139.9427669633682
329	142.5449425178016
348	159.5555153341128
354	165.5140261088699
