4	33.56043880491529
22	46.70211983134716
23	48.00765577592696
24	49.61836591176609
25	50.90719650178269
26	52.42211553470958
27	54.02344601106019
28	55.57735180269799
29	57.13563111751119
30	58.79592025246497
31	60.51460379985097
32	61.96184204923143
33	63.02587467255324
34	64.38663186995225
35	66.27709521381293
36	68.05611661770035
37	69.64421021458149
38	70.94595244901197
39	72.24176587565793
40	74.04626375374217
41	75.46592272574023
42	76.38446896739892
43	77.26166431552521
44	79.17352678138677
45	80.44050401186085
46	83.52363882713618
47	86.5162403391013
48	89.002974617947
49	90.91506056200939
50	93.86367003339949
51	97.31569931520836
52	100.4621659206207
53	102.9425369341001
54	107.3640417945707
55	114.0235704494303
56	119.2331602341448
57	123.008948681171
58	125.428950285522
59	126.5321602626114
60	126.6252290711548
61	125.9915200555966
62	124.9430504783765
63	124.43113752226
64	124.1707446652895
65	123.51910273577
66	122.5669852405845
67	121.3337691029341
68	120.2744286806015
69	119.6462489353045
70	118.6849122626336
71	117.3438101372256
72	115.4320351500233
73	115.8080438314338
74	116.8455403204999
75	117.7298557560994
76	118.4090569706535
77	119.3200049511267
78	120.2283476534148
79	120.9531239093833
80	123.1500703515671
81	126.4245239905129
82	129.5705152935813
83	133.1903158130259
84	136.9185245906309
85	139.8664075481081
86	143.7053074496648
87	147.8478075126405
88	151.6093164123174
89	155.4073918232448
90	160.5098556488215
91	165.6555885951072
92	170.7747080385975
93	176.5668241447205
94	182.5484183092866
95	188.2464426838879
96	194.2426385965395
97	200.1444100816146
98	205.3278636645079
99	210.4464949015743
100	214.6766845895746
101	218.6603616524599
102	221.744402442757
103	224.1765631501042
104	226.3761608877506
105	228.4353540870348
106	230.080833761585
107	231.3103489435647
108	232.139102715661
109	232.5619343185261
110	233.7266847773538
111	236.4807168236332
112	239.1063055086061
113	241.9338314105359
114	244.8403888070121
115	247.6846957125886
116	250.9676561840415
117	255.2300402050333
118	259.3207247123247
119	263.1514397798635
120	266.7422491811255
121	270.1101133384919
122	273.4812016990392
123	276.6009257651646
124	279.4670526141855
125	281.9459043737235
126	284.0130568194541
127	286.6983937658913
128	303.9484435167747
129	318.2680414376034
130	330.6369385969061
131	342.6201790100113
132	355.757489006174
133	368.3688299307107
134	379.3590464054406
135	389.4582012391203
136	399.249109197803
137	406.3126075672983
138	412.0057054174677
139	417.4640833138291
140	426.4101135302234
141	438.2599638992079
142	449.0404671528003
143	457.3125438902691
144	464.4210454816397
145	473.3467556701561
146	477.2230663438194
147	477.6170043044411
148	476.3590597477347
149	469.5951650967085
150	457.7817423693127
151	442.2399569826317
152	426.4019274344578
153	413.7766634345443
154	413.808998847498
155	416.3453553261044
156	421.1428416386394
157	427.6702436237101
158	435.1185145869443
159	443.5965537234587
160	452.9544248981842
161	462.8419278596976
162	473.6331105386427
163	485.8496779428505
164	498.4448660882144
165	510.9683350347195
166	523.2368582380253
167	534.5741662609322
168	544.8502074931314
169	554.7396712300072
170	563.7155131177202
171	571.8403470504642
172	579.5288700104221
173	587.2671331341327
174	595.8684547359101
175	606.0471042064455
176	617.978396283802
177	631.2459707671322
178	653.4271073510655
179	678.8926643091287
180	704.2032765959743
181	728.8970020234542
182	751.981651467832
183	773.063284615627
184	791.8468915470604
185	808.1195728600438
186	821.7239441112422
187	844.9169773358386
188	870.0149680031989
189	894.6807845573659
190	916.8716493062381
191	935.4052592491648
192	950.1425964197371
193	967.0074010942963
194	981.9904835160963
195	994.8574859268831
196	1005.913265002154
197	1015.603593334057
198	1024.613475112705
199	1032.674631405996
200	1038.723765364317
201	1042.087783321899
202	1042.427687894839
203	1038.937204889126
204	1030.704533658233
205	1034.583643887813
206	1044.517332287507
207	1054.879022970828
208	1063.751219142588
209	1071.201160351798
210	1077.718235899872
211	1089.042401133805
212	1100.356989282232
213	1113.719948610611
214	1131.150022757478
215	1144.882591422863
216	1159.834261489466
217	1182.828685318002
218	1206.044177636428
219	1228.899989933949
220	1249.921317519075
221	1267.969551375852
222	1281.511719724857
223	1289.380700880082
224	1292.163800717113
225	1295.991309757438
226	1301.048017730135
227	1300.231273934988
228	1294.383808426153
229	1296.619464224608
230	1295.368057399594
231	1299.632667524519
232	1299.913283918478
233	1296.541244463388
234	1290.313886224932
235	1281.67957449268
236	1270.67971075424
237	1257.912486121522
238	1243.556437333732
239	1227.62155250269
240	1211.553501749147
241	1195.927686146098
242	1180.17782976215
243	1169.769938249517
244	1158.492905623487
245	1146.240327109681
246	1134.215762085392
247	1122.423650443658
248	1114.024404458527
249	1105.526705700311
250	1096.790386222912
251	1095.165554358563
252	1091.691660867755
253	1087.424135796566
254	1090.429151775113
255	1092.36168067392
256	1093.352511780389
257	1093.486658632185
258	1092.937222445625
259	1094.196557827525
260	1100.924816312325
261	1106.726465522351
262	1111.867489878612
263	1116.515803311194
264	1120.64063093973
265	1124.100080546498
266	1126.747520661246
267	1128.697858384983
268	1136.130793914281
269	1144.358593154332
270	1150.908111211376
271	1156.286912896999
272	1160.747353681165
273	1164.435820982213
274	1167.518421791591
275	1170.159866891391
276	1172.585031595019
277	1174.990475171608
278	1177.671233128086
279	1181.548654176141
280	1193.044846339093
281	1204.430827550864
282	1215.266858321268
283	1225.683409656537
284	1236.240797879777
285	1247.106391706005
286	1258.367971994351
287	1270.032103192218
288	1281.458600948375
289	1292.626998235059
290	1303.803613363234
291	1316.360845403804
292	1332.439847378096
293	1348.244953048779
294	1363.228601381536
295	1377.463417831254
296	1391.562848221717
297	1405.790681624108
298	1419.584462468001
299	1432.811044221038
300	1445.709413971536
301	1457.635563935773
302	1469.248489372278
303	1480.431586185928
304	1498.903068076023
305	1515.658496394308
306	1531.776789480514
307	1547.26977162058
308	1561.957541439569
309	1575.631626639785
310	1587.365723322215
311	1596.603488398746
312	1603.362775256538
313	1607.700282572327
314	1610.066619448135
315	1609.928457205629
316	1607.443461110739
317	1602.286622588331
318	1594.968400172844
320	1577.283140528376
326	1526.688867034066
329	1506.281114873034
348	1570.515431156692
354	1815.246366715734
