4	-7.257896496023896e-10
22	-8.712528403326257e-10
23	-4.501562939727459e-09
24	-4.653319259959355e-09
25	-1.566677377153295e-09
26	-9.796392524782281e-09
27	-2.817501540564998e-09
28	-2.075076742445311e-08
29	-1.927803766601783e-08
30	-2.480515359234248e-08
31	-1.299168566139429e-08
32	-1.650214660810803e-08
33	-1.914231235790781e-08
34	-1.93823263146303e-08
35	-1.114378936562148e-08
36	-1.577286074636107e-08
37	-8.797599877990089e-09
38	-6.706561176723037e-09
39	-2.801029286327039e-08
40	-2.343042151169997e-09
41	-6.702407636779966e-05
42	-0.0001004803993209991
43	-4.31101200903487e-05
44	-1.436859976787579e-05
45	-0.0001189416357788622
46	-0.0001680761566299306
47	-0.00073955752170628
48	-0.0007935296810174183
49	-0.0006290617304344106
50	-0.0003636565584719701
51	-0.0001654365449369363
52	-5.505499517528574e-05
53	-4.611366034443884e-05
54	-1.485819565454676e-05
55	-4.285222308097575e-05
56	-3.492256701227774e-05
57	-3.107761854412634e-05
58	-2.804575512339806e-05
59	-1.279942803617447e-05
60	-1.84539936119042e-05
61	-5.139389656300937e-05
62	-8.92300812530829e-05
63	-4.824724188065509e-05
64	-5.313531538770013e-05
65	-2.536124629491989e-05
66	-0.0003093460739751958
67	-0.0001726624244240521
68	-0.0002549078873315423
69	-0.0001302557085228051
70	-3.972733781805347e-05
71	-1.170028026184198e-05
72	-2.565642764242894e-05
73	-1.435475762725344e-05
74	-6.697331526454289e-05
75	-9.398192350290032e-06
76	-2.444077460949764e-05
77	-1.996815018468551e-06
78	-1.026797536876329e-06
79	-4.615214547938295e-07
80	-6.893435683656202e-07
81	-2.850891968576423e-07
82	-0.001270885567268058
83	-0.002154381654853466
84	-0.2071911062495674
85	-0.116694378269986
86	-0.001221676868790795
87	-0.003928625888147711
88	-0.04342706025797331
89	-0.0006068663583987146
90	-0.0005359753714385291
91	-0.0001929280802398829
92	-0.0004847444241415139
93	-0.0001102169810147043
94	-0.0009679272957002724
95	-0.001127328783718081
96	-0.001284764670901978
97	-0.001409739180864936
98	-0.000536212734477084
99	-0.001307700977584125
100	-0.0002636154097941584
101	-0.0005239484234526662
102	-0.0004686905577299279
103	-0.001233869706272743
104	-0.001388062990011103
105	-0.0006785443894697604
106	-0.0006792867057209232
107	-0.0009092375559222625
108	-0.001121374284243182
109	-0.004247388972178644
110	-0.002645204846217219
111	-0.002963093513945203
112	-0.001181722062737322
113	-0.001673572419281334
114	-0.003763897528254769
115	-0.002233115816673967
116	-0.00557767517553141
117	-0.002215365093212513
118	-0.003771246920476863
119	-0.0436316223567866
120	-0.008406488525904848
121	-0.01022858053124939
122	-0.002205189806693754
123	-0.001484495341655432
124	-0.00549849095164974
125	-0.005747042813826237
126	-0.07971711549097649
127	-0.1531508752170239
128	-0.2040521642103614
129	-0.2360307579203148
130	-0.2334484876278994
131	-0.2127517786859432
132	-0.1848503114525338
133	-0.1408630497596834
134	-0.09428488578692006
135	-0.4793333428001407
136	-0.5410634084093788
137	-0.514980300477041
138	-0.1447563311458484
139	-1.601596201663054
140	-1.758107056159452
141	-1.491489782776759
142	-1.172624589450209
143	-0.7563570315942849
144	-1.397765277959531
145	-1.015296277511031
146	-0.5617137039022512
147	-0.7634307739004227
148	-0.5326637323970577
149	-0.2945228905651302
150	-1.439661550899265
151	-0.429009486971371
152	-1.876446604991665
153	-1.266207178553061
154	-1.01534808890077
155	-0.7005283032989168
156	-0.522809497830705
157	-0.3806689053365039
158	-0.2297986703782519
159	-0.1358632147431202
160	-0.08423734079619491
161	-0.05474935822526381
162	-0.131631663339722
163	-0.2167947356867245
164	-0.08276572942705279
165	-0.1954635767158088
166	-0.2305624537365534
167	-0.153444636940823
168	-0.06928080568144925
169	-0.09656081181847415
170	-0.2141813563664142
171	-0.09093736587889938
172	-0.4144930628889689
173	-0.07867180286316654
174	-0.4577453267280658
175	-0.9106383663681242
176	-0.9108693579489444
177	-0.8973419948278472
178	-0.7916176127072388
179	-0.6247499766782629
180	-0.4464661396540244
181	-0.2834731863531456
182	-0.1168741049979316
183	-0.07233072070142677
184	-0.02929753260745658
185	-0.00727589723027466
186	-0.07521195169761363
187	-0.08967649951601375
188	-0.1342726115534782
189	-0.04435542245221902
190	-0.05795066335285891
191	-0.03461293785836525
192	-0.08785106433504362
193	-0.06907267081170611
194	-0.09039243391369287
195	-0.03262087410093067
196	-0.03387248733418326
197	-0.03633259303209058
198	-0.0502083997178244
199	-0.02900800418305503
200	-0.02653381484073439
201	-0.04960908746918578
202	-0.0508890062719607
203	-0.1822603191263228
204	-0.05214307928284996
205	-0.414214415250444
206	-0.1417500638423665
207	-0.3368698632498215
208	-0.4031882148955577
209	-0.2394762597669681
210	-0.1691947565519673
211	-0.09455183798340447
212	-0.04237378079660081
213	-0.04471639129331072
214	-0.09533202781668666
215	-0.01706048868269413
216	-0.2138978662793855
217	-0.1290012029731459
218	-0.1803686822260462
219	-0.2109974893042911
220	-0.1901026487699233
221	-0.1467858941323646
222	-0.09652983898987148
223	-0.06050550546594383
224	-0.03550274900221986
225	-0.06672251278458831
226	-0.09723930880225085
227	-0.1054427840746008
228	-0.05958708729822669
229	-0.1054989402629477
230	-0.07880391881753727
231	-0.0609806800071472
232	-0.1399465159720899
233	-0.09805800976589849
234	-0.03569755894173731
235	-0.1116697859446717
236	-0.04989843895622951
237	-0.02892868682078385
238	-0.03544920209849881
239	-0.01178662937557094
240	-0.2114946799848148
241	-0.05845975881321833
242	-0.03392976207547081
243	-0.01572673641567155
244	-0.01651232454200287
245	-0.02415743538692118
246	-0.06630132984870435
247	-0.01987765147348995
248	-0.05269303622449284
249	-1.082810773979476
250	-0.1630255848570242
251	-1.947984518976571
252	-1.723029609890414
253	-3.784251346689208
254	-1.478650292535058
255	-1.442898403870128
256	-0.8790132553369425
257	-0.3704780714259785
258	-0.1422420648486069
259	-1.671712483066662
260	-0.4371223642993594
261	-0.366459405741296
262	-0.09468912956042376
263	-0.000683972745526036
264	-0.08495840799610349
265	-0.005256397812439286
266	-0.06301398131706494
267	-0.07334128804064709
268	-0.01047736064706791
269	-0.5862258073788406
270	-0.01098870315338972
271	-0.02211810816329514
272	-1.790820117444002
273	-0.007187238546586584
274	-0.5190950205837472
275	-0.5955167772702969
276	-0.7832900708399477
277	-0.5621723743332904
278	-0.619287464177404
279	-0.5322646595785364
280	-0.796482385251415
281	-1.129755072194887
282	-0.5452191941534121
283	-0.4285314259312489
284	-0.2490887274914939
285	-0.00329220238718431
286	-0.1405088861924309
287	-0.1453709121495285
288	-0.2795117511087363
289	-0.3153997854615928
290	-0.2764165935531491
291	-0.1746373209416962
292	-0.04574328670582136
293	-1.821014972087779e-05
294	-0.0002000893967008208
295	-0.0719253685150445
296	-0.2145656351255812
297	-0.8927549530570458
298	-0.1991852921383477
299	-0.001301000341004609
300	-6.198690485879575e-05
301	-0.279414693870827
302	-0.1106999041805984
303	-0.07210052258400411
304	-0.6311562789746952
305	-0.001807569672620679
306	-0.1600559066545973
307	-0.8460247736371128
308	-4.459847002882286e-05
309	-0.0002611932182219779
310	-0.001498827263121889
311	-1.619148917209069e-05
312	-0.004121133899539952
313	-6.80079000384476e-06
314	-0.353291933095739
315	-0.09292597259996124
316	-6.222201922081945e-05
317	-0.0001188834511207042
318	-8.681825300620552e-06
320	-0.4429769443714408
326	-0.0616182190026057
329	-0.0142607859481004
348	-0.004307829817338706
354	-0.008751507772741226
