/*--------------------------------*- C++ -*----------------------------------*\
| =========                 |                                                 |
| \\      /  F ield         | OpenFOAM: The Open Source CFD Toolbox           |
|  \\    /   O peration     | Version:  v1912                                 |
|   \\  /    A nd           | Website:  www.openfoam.com                      |
|    \\/     M anipulation  |                                                 |
\*---------------------------------------------------------------------------*/
FoamFile
{
    version     2.0;
    format      ascii;
    class       labelList;
    note        "nPoints:15402  nCells:7500  nFaces:30200  nInternalFaces:14800";
    location    "constant/polyMesh";
    object      neighbour;
}
// * * * * * * * * * * * * * * * * * * * * * * * * * * * * * * * * * * * * * //


14800
(
1
50
2
51
3
52
4
53
5
54
6
55
7
56
8
57
9
58
10
59
11
60
12
61
13
62
14
63
15
64
16
65
17
66
18
67
19
68
20
69
21
70
22
71
23
72
24
73
25
74
26
75
27
76
28
77
29
78
30
79
31
80
32
81
33
82
34
83
35
84
36
85
37
86
38
87
39
88
40
89
41
90
42
91
43
92
44
93
45
94
46
95
47
96
48
97
49
98
99
2500
51
100
52
101
53
102
54
103
55
104
56
105
57
106
58
107
59
108
60
109
61
110
62
111
63
112
64
113
65
114
66
115
67
116
68
117
69
118
70
119
71
120
72
121
73
122
74
123
75
124
76
125
77
126
78
127
79
128
80
129
81
130
82
131
83
132
84
133
85
134
86
135
87
136
88
137
89
138
90
139
91
140
92
141
93
142
94
143
95
144
96
145
97
146
98
147
99
148
149
2550
101
150
102
151
103
152
104
153
105
154
106
155
107
156
108
157
109
158
110
159
111
160
112
161
113
162
114
163
115
164
116
165
117
166
118
167
119
168
120
169
121
170
122
171
123
172
124
173
125
174
126
175
127
176
128
177
129
178
130
179
131
180
132
181
133
182
134
183
135
184
136
185
137
186
138
187
139
188
140
189
141
190
142
191
143
192
144
193
145
194
146
195
147
196
148
197
149
198
199
2600
151
200
152
201
153
202
154
203
155
204
156
205
157
206
158
207
159
208
160
209
161
210
162
211
163
212
164
213
165
214
166
215
167
216
168
217
169
218
170
219
171
220
172
221
173
222
174
223
175
224
176
225
177
226
178
227
179
228
180
229
181
230
182
231
183
232
184
233
185
234
186
235
187
236
188
237
189
238
190
239
191
240
192
241
193
242
194
243
195
244
196
245
197
246
198
247
199
248
249
2650
201
250
202
251
203
252
204
253
205
254
206
255
207
256
208
257
209
258
210
259
211
260
212
261
213
262
214
263
215
264
216
265
217
266
218
267
219
268
220
269
221
270
222
271
223
272
224
273
225
274
226
275
227
276
228
277
229
278
230
279
231
280
232
281
233
282
234
283
235
284
236
285
237
286
238
287
239
288
240
289
241
290
242
291
243
292
244
293
245
294
246
295
247
296
248
297
249
298
299
2700
251
300
252
301
253
302
254
303
255
304
256
305
257
306
258
307
259
308
260
309
261
310
262
311
263
312
264
313
265
314
266
315
267
316
268
317
269
318
270
319
271
320
272
321
273
322
274
323
275
324
276
325
277
326
278
327
279
328
280
329
281
330
282
331
283
332
284
333
285
334
286
335
287
336
288
337
289
338
290
339
291
340
292
341
293
342
294
343
295
344
296
345
297
346
298
347
299
348
349
2750
301
350
302
351
303
352
304
353
305
354
306
355
307
356
308
357
309
358
310
359
311
360
312
361
313
362
314
363
315
364
316
365
317
366
318
367
319
368
320
369
321
370
322
371
323
372
324
373
325
374
326
375
327
376
328
377
329
378
330
379
331
380
332
381
333
382
334
383
335
384
336
385
337
386
338
387
339
388
340
389
341
390
342
391
343
392
344
393
345
394
346
395
347
396
348
397
349
398
399
2800
351
400
352
401
353
402
354
403
355
404
356
405
357
406
358
407
359
408
360
409
361
410
362
411
363
412
364
413
365
414
366
415
367
416
368
417
369
418
370
419
371
420
372
421
373
422
374
423
375
424
376
425
377
426
378
427
379
428
380
429
381
430
382
431
383
432
384
433
385
434
386
435
387
436
388
437
389
438
390
439
391
440
392
441
393
442
394
443
395
444
396
445
397
446
398
447
399
448
449
2850
401
450
402
451
403
452
404
453
405
454
406
455
407
456
408
457
409
458
410
459
411
460
412
461
413
462
414
463
415
464
416
465
417
466
418
467
419
468
420
469
421
470
422
471
423
472
424
473
425
474
426
475
427
476
428
477
429
478
430
479
431
480
432
481
433
482
434
483
435
484
436
485
437
486
438
487
439
488
440
489
441
490
442
491
443
492
444
493
445
494
446
495
447
496
448
497
449
498
499
2900
451
500
452
501
453
502
454
503
455
504
456
505
457
506
458
507
459
508
460
509
461
510
462
511
463
512
464
513
465
514
466
515
467
516
468
517
469
518
470
519
471
520
472
521
473
522
474
523
475
524
476
525
477
526
478
527
479
528
480
529
481
530
482
531
483
532
484
533
485
534
486
535
487
536
488
537
489
538
490
539
491
540
492
541
493
542
494
543
495
544
496
545
497
546
498
547
499
548
549
2950
501
550
502
551
503
552
504
553
505
554
506
555
507
556
508
557
509
558
510
559
511
560
512
561
513
562
514
563
515
564
516
565
517
566
518
567
519
568
520
569
521
570
522
571
523
572
524
573
525
574
526
575
527
576
528
577
529
578
530
579
531
580
532
581
533
582
534
583
535
584
536
585
537
586
538
587
539
588
540
589
541
590
542
591
543
592
544
593
545
594
546
595
547
596
548
597
549
598
599
3000
551
600
552
601
553
602
554
603
555
604
556
605
557
606
558
607
559
608
560
609
561
610
562
611
563
612
564
613
565
614
566
615
567
616
568
617
569
618
570
619
571
620
572
621
573
622
574
623
575
624
576
625
577
626
578
627
579
628
580
629
581
630
582
631
583
632
584
633
585
634
586
635
587
636
588
637
589
638
590
639
591
640
592
641
593
642
594
643
595
644
596
645
597
646
598
647
599
648
649
3050
601
650
602
651
603
652
604
653
605
654
606
655
607
656
608
657
609
658
610
659
611
660
612
661
613
662
614
663
615
664
616
665
617
666
618
667
619
668
620
669
621
670
622
671
623
672
624
673
625
674
626
675
627
676
628
677
629
678
630
679
631
680
632
681
633
682
634
683
635
684
636
685
637
686
638
687
639
688
640
689
641
690
642
691
643
692
644
693
645
694
646
695
647
696
648
697
649
698
699
3100
651
700
652
701
653
702
654
703
655
704
656
705
657
706
658
707
659
708
660
709
661
710
662
711
663
712
664
713
665
714
666
715
667
716
668
717
669
718
670
719
671
720
672
721
673
722
674
723
675
724
676
725
677
726
678
727
679
728
680
729
681
730
682
731
683
732
684
733
685
734
686
735
687
736
688
737
689
738
690
739
691
740
692
741
693
742
694
743
695
744
696
745
697
746
698
747
699
748
749
3150
701
750
702
751
703
752
704
753
705
754
706
755
707
756
708
757
709
758
710
759
711
760
712
761
713
762
714
763
715
764
716
765
717
766
718
767
719
768
720
769
721
770
722
771
723
772
724
773
725
774
726
775
727
776
728
777
729
778
730
779
731
780
732
781
733
782
734
783
735
784
736
785
737
786
738
787
739
788
740
789
741
790
742
791
743
792
744
793
745
794
746
795
747
796
748
797
749
798
799
3200
751
800
752
801
753
802
754
803
755
804
756
805
757
806
758
807
759
808
760
809
761
810
762
811
763
812
764
813
765
814
766
815
767
816
768
817
769
818
770
819
771
820
772
821
773
822
774
823
775
824
776
825
777
826
778
827
779
828
780
829
781
830
782
831
783
832
784
833
785
834
786
835
787
836
788
837
789
838
790
839
791
840
792
841
793
842
794
843
795
844
796
845
797
846
798
847
799
848
849
3250
801
850
802
851
803
852
804
853
805
854
806
855
807
856
808
857
809
858
810
859
811
860
812
861
813
862
814
863
815
864
816
865
817
866
818
867
819
868
820
869
821
870
822
871
823
872
824
873
825
874
826
875
827
876
828
877
829
878
830
879
831
880
832
881
833
882
834
883
835
884
836
885
837
886
838
887
839
888
840
889
841
890
842
891
843
892
844
893
845
894
846
895
847
896
848
897
849
898
899
3300
851
900
852
901
853
902
854
903
855
904
856
905
857
906
858
907
859
908
860
909
861
910
862
911
863
912
864
913
865
914
866
915
867
916
868
917
869
918
870
919
871
920
872
921
873
922
874
923
875
924
876
925
877
926
878
927
879
928
880
929
881
930
882
931
883
932
884
933
885
934
886
935
887
936
888
937
889
938
890
939
891
940
892
941
893
942
894
943
895
944
896
945
897
946
898
947
899
948
949
3350
901
950
902
951
903
952
904
953
905
954
906
955
907
956
908
957
909
958
910
959
911
960
912
961
913
962
914
963
915
964
916
965
917
966
918
967
919
968
920
969
921
970
922
971
923
972
924
973
925
974
926
975
927
976
928
977
929
978
930
979
931
980
932
981
933
982
934
983
935
984
936
985
937
986
938
987
939
988
940
989
941
990
942
991
943
992
944
993
945
994
946
995
947
996
948
997
949
998
999
3400
951
1000
952
1001
953
1002
954
1003
955
1004
956
1005
957
1006
958
1007
959
1008
960
1009
961
1010
962
1011
963
1012
964
1013
965
1014
966
1015
967
1016
968
1017
969
1018
970
1019
971
1020
972
1021
973
1022
974
1023
975
1024
976
1025
977
1026
978
1027
979
1028
980
1029
981
1030
982
1031
983
1032
984
1033
985
1034
986
1035
987
1036
988
1037
989
1038
990
1039
991
1040
992
1041
993
1042
994
1043
995
1044
996
1045
997
1046
998
1047
999
1048
1049
3450
1001
1050
1002
1051
1003
1052
1004
1053
1005
1054
1006
1055
1007
1056
1008
1057
1009
1058
1010
1059
1011
1060
1012
1061
1013
1062
1014
1063
1015
1064
1016
1065
1017
1066
1018
1067
1019
1068
1020
1069
1021
1070
1022
1071
1023
1072
1024
1073
1025
1074
1026
1075
1027
1076
1028
1077
1029
1078
1030
1079
1031
1080
1032
1081
1033
1082
1034
1083
1035
1084
1036
1085
1037
1086
1038
1087
1039
1088
1040
1089
1041
1090
1042
1091
1043
1092
1044
1093
1045
1094
1046
1095
1047
1096
1048
1097
1049
1098
1099
3500
1051
1100
1052
1101
1053
1102
1054
1103
1055
1104
1056
1105
1057
1106
1058
1107
1059
1108
1060
1109
1061
1110
1062
1111
1063
1112
1064
1113
1065
1114
1066
1115
1067
1116
1068
1117
1069
1118
1070
1119
1071
1120
1072
1121
1073
1122
1074
1123
1075
1124
1076
1125
1077
1126
1078
1127
1079
1128
1080
1129
1081
1130
1082
1131
1083
1132
1084
1133
1085
1134
1086
1135
1087
1136
1088
1137
1089
1138
1090
1139
1091
1140
1092
1141
1093
1142
1094
1143
1095
1144
1096
1145
1097
1146
1098
1147
1099
1148
1149
3550
1101
1150
1102
1151
1103
1152
1104
1153
1105
1154
1106
1155
1107
1156
1108
1157
1109
1158
1110
1159
1111
1160
1112
1161
1113
1162
1114
1163
1115
1164
1116
1165
1117
1166
1118
1167
1119
1168
1120
1169
1121
1170
1122
1171
1123
1172
1124
1173
1125
1174
1126
1175
1127
1176
1128
1177
1129
1178
1130
1179
1131
1180
1132
1181
1133
1182
1134
1183
1135
1184
1136
1185
1137
1186
1138
1187
1139
1188
1140
1189
1141
1190
1142
1191
1143
1192
1144
1193
1145
1194
1146
1195
1147
1196
1148
1197
1149
1198
1199
3600
1151
1200
1152
1201
1153
1202
1154
1203
1155
1204
1156
1205
1157
1206
1158
1207
1159
1208
1160
1209
1161
1210
1162
1211
1163
1212
1164
1213
1165
1214
1166
1215
1167
1216
1168
1217
1169
1218
1170
1219
1171
1220
1172
1221
1173
1222
1174
1223
1175
1224
1176
1225
1177
1226
1178
1227
1179
1228
1180
1229
1181
1230
1182
1231
1183
1232
1184
1233
1185
1234
1186
1235
1187
1236
1188
1237
1189
1238
1190
1239
1191
1240
1192
1241
1193
1242
1194
1243
1195
1244
1196
1245
1197
1246
1198
1247
1199
1248
1249
3650
1201
1250
1202
1251
1203
1252
1204
1253
1205
1254
1206
1255
1207
1256
1208
1257
1209
1258
1210
1259
1211
1260
1212
1261
1213
1262
1214
1263
1215
1264
1216
1265
1217
1266
1218
1267
1219
1268
1220
1269
1221
1270
1222
1271
1223
1272
1224
1273
1225
1274
1226
1275
1227
1276
1228
1277
1229
1278
1230
1279
1231
1280
1232
1281
1233
1282
1234
1283
1235
1284
1236
1285
1237
1286
1238
1287
1239
1288
1240
1289
1241
1290
1242
1291
1243
1292
1244
1293
1245
1294
1246
1295
1247
1296
1248
1297
1249
1298
1299
3700
1251
1300
1252
1301
1253
1302
1254
1303
1255
1304
1256
1305
1257
1306
1258
1307
1259
1308
1260
1309
1261
1310
1262
1311
1263
1312
1264
1313
1265
1314
1266
1315
1267
1316
1268
1317
1269
1318
1270
1319
1271
1320
1272
1321
1273
1322
1274
1323
1275
1324
1276
1325
1277
1326
1278
1327
1279
1328
1280
1329
1281
1330
1282
1331
1283
1332
1284
1333
1285
1334
1286
1335
1287
1336
1288
1337
1289
1338
1290
1339
1291
1340
1292
1341
1293
1342
1294
1343
1295
1344
1296
1345
1297
1346
1298
1347
1299
1348
1349
3750
1301
1350
1302
1351
1303
1352
1304
1353
1305
1354
1306
1355
1307
1356
1308
1357
1309
1358
1310
1359
1311
1360
1312
1361
1313
1362
1314
1363
1315
1364
1316
1365
1317
1366
1318
1367
1319
1368
1320
1369
1321
1370
1322
1371
1323
1372
1324
1373
1325
1374
1326
1375
1327
1376
1328
1377
1329
1378
1330
1379
1331
1380
1332
1381
1333
1382
1334
1383
1335
1384
1336
1385
1337
1386
1338
1387
1339
1388
1340
1389
1341
1390
1342
1391
1343
1392
1344
1393
1345
1394
1346
1395
1347
1396
1348
1397
1349
1398
1399
3800
1351
1400
1352
1401
1353
1402
1354
1403
1355
1404
1356
1405
1357
1406
1358
1407
1359
1408
1360
1409
1361
1410
1362
1411
1363
1412
1364
1413
1365
1414
1366
1415
1367
1416
1368
1417
1369
1418
1370
1419
1371
1420
1372
1421
1373
1422
1374
1423
1375
1424
1376
1425
1377
1426
1378
1427
1379
1428
1380
1429
1381
1430
1382
1431
1383
1432
1384
1433
1385
1434
1386
1435
1387
1436
1388
1437
1389
1438
1390
1439
1391
1440
1392
1441
1393
1442
1394
1443
1395
1444
1396
1445
1397
1446
1398
1447
1399
1448
1449
3850
1401
1450
1402
1451
1403
1452
1404
1453
1405
1454
1406
1455
1407
1456
1408
1457
1409
1458
1410
1459
1411
1460
1412
1461
1413
1462
1414
1463
1415
1464
1416
1465
1417
1466
1418
1467
1419
1468
1420
1469
1421
1470
1422
1471
1423
1472
1424
1473
1425
1474
1426
1475
1427
1476
1428
1477
1429
1478
1430
1479
1431
1480
1432
1481
1433
1482
1434
1483
1435
1484
1436
1485
1437
1486
1438
1487
1439
1488
1440
1489
1441
1490
1442
1491
1443
1492
1444
1493
1445
1494
1446
1495
1447
1496
1448
1497
1449
1498
1499
3900
1451
1500
1452
1501
1453
1502
1454
1503
1455
1504
1456
1505
1457
1506
1458
1507
1459
1508
1460
1509
1461
1510
1462
1511
1463
1512
1464
1513
1465
1514
1466
1515
1467
1516
1468
1517
1469
1518
1470
1519
1471
1520
1472
1521
1473
1522
1474
1523
1475
1524
1476
1525
1477
1526
1478
1527
1479
1528
1480
1529
1481
1530
1482
1531
1483
1532
1484
1533
1485
1534
1486
1535
1487
1536
1488
1537
1489
1538
1490
1539
1491
1540
1492
1541
1493
1542
1494
1543
1495
1544
1496
1545
1497
1546
1498
1547
1499
1548
1549
3950
1501
1550
1502
1551
1503
1552
1504
1553
1505
1554
1506
1555
1507
1556
1508
1557
1509
1558
1510
1559
1511
1560
1512
1561
1513
1562
1514
1563
1515
1564
1516
1565
1517
1566
1518
1567
1519
1568
1520
1569
1521
1570
1522
1571
1523
1572
1524
1573
1525
1574
1526
1575
1527
1576
1528
1577
1529
1578
1530
1579
1531
1580
1532
1581
1533
1582
1534
1583
1535
1584
1536
1585
1537
1586
1538
1587
1539
1588
1540
1589
1541
1590
1542
1591
1543
1592
1544
1593
1545
1594
1546
1595
1547
1596
1548
1597
1549
1598
1599
4000
1551
1600
1552
1601
1553
1602
1554
1603
1555
1604
1556
1605
1557
1606
1558
1607
1559
1608
1560
1609
1561
1610
1562
1611
1563
1612
1564
1613
1565
1614
1566
1615
1567
1616
1568
1617
1569
1618
1570
1619
1571
1620
1572
1621
1573
1622
1574
1623
1575
1624
1576
1625
1577
1626
1578
1627
1579
1628
1580
1629
1581
1630
1582
1631
1583
1632
1584
1633
1585
1634
1586
1635
1587
1636
1588
1637
1589
1638
1590
1639
1591
1640
1592
1641
1593
1642
1594
1643
1595
1644
1596
1645
1597
1646
1598
1647
1599
1648
1649
4050
1601
1650
1602
1651
1603
1652
1604
1653
1605
1654
1606
1655
1607
1656
1608
1657
1609
1658
1610
1659
1611
1660
1612
1661
1613
1662
1614
1663
1615
1664
1616
1665
1617
1666
1618
1667
1619
1668
1620
1669
1621
1670
1622
1671
1623
1672
1624
1673
1625
1674
1626
1675
1627
1676
1628
1677
1629
1678
1630
1679
1631
1680
1632
1681
1633
1682
1634
1683
1635
1684
1636
1685
1637
1686
1638
1687
1639
1688
1640
1689
1641
1690
1642
1691
1643
1692
1644
1693
1645
1694
1646
1695
1647
1696
1648
1697
1649
1698
1699
4100
1651
1700
1652
1701
1653
1702
1654
1703
1655
1704
1656
1705
1657
1706
1658
1707
1659
1708
1660
1709
1661
1710
1662
1711
1663
1712
1664
1713
1665
1714
1666
1715
1667
1716
1668
1717
1669
1718
1670
1719
1671
1720
1672
1721
1673
1722
1674
1723
1675
1724
1676
1725
1677
1726
1678
1727
1679
1728
1680
1729
1681
1730
1682
1731
1683
1732
1684
1733
1685
1734
1686
1735
1687
1736
1688
1737
1689
1738
1690
1739
1691
1740
1692
1741
1693
1742
1694
1743
1695
1744
1696
1745
1697
1746
1698
1747
1699
1748
1749
4150
1701
1750
1702
1751
1703
1752
1704
1753
1705
1754
1706
1755
1707
1756
1708
1757
1709
1758
1710
1759
1711
1760
1712
1761
1713
1762
1714
1763
1715
1764
1716
1765
1717
1766
1718
1767
1719
1768
1720
1769
1721
1770
1722
1771
1723
1772
1724
1773
1725
1774
1726
1775
1727
1776
1728
1777
1729
1778
1730
1779
1731
1780
1732
1781
1733
1782
1734
1783
1735
1784
1736
1785
1737
1786
1738
1787
1739
1788
1740
1789
1741
1790
1742
1791
1743
1792
1744
1793
1745
1794
1746
1795
1747
1796
1748
1797
1749
1798
1799
4200
1751
1800
1752
1801
1753
1802
1754
1803
1755
1804
1756
1805
1757
1806
1758
1807
1759
1808
1760
1809
1761
1810
1762
1811
1763
1812
1764
1813
1765
1814
1766
1815
1767
1816
1768
1817
1769
1818
1770
1819
1771
1820
1772
1821
1773
1822
1774
1823
1775
1824
1776
1825
1777
1826
1778
1827
1779
1828
1780
1829
1781
1830
1782
1831
1783
1832
1784
1833
1785
1834
1786
1835
1787
1836
1788
1837
1789
1838
1790
1839
1791
1840
1792
1841
1793
1842
1794
1843
1795
1844
1796
1845
1797
1846
1798
1847
1799
1848
1849
4250
1801
1850
1802
1851
1803
1852
1804
1853
1805
1854
1806
1855
1807
1856
1808
1857
1809
1858
1810
1859
1811
1860
1812
1861
1813
1862
1814
1863
1815
1864
1816
1865
1817
1866
1818
1867
1819
1868
1820
1869
1821
1870
1822
1871
1823
1872
1824
1873
1825
1874
1826
1875
1827
1876
1828
1877
1829
1878
1830
1879
1831
1880
1832
1881
1833
1882
1834
1883
1835
1884
1836
1885
1837
1886
1838
1887
1839
1888
1840
1889
1841
1890
1842
1891
1843
1892
1844
1893
1845
1894
1846
1895
1847
1896
1848
1897
1849
1898
1899
4300
1851
1900
1852
1901
1853
1902
1854
1903
1855
1904
1856
1905
1857
1906
1858
1907
1859
1908
1860
1909
1861
1910
1862
1911
1863
1912
1864
1913
1865
1914
1866
1915
1867
1916
1868
1917
1869
1918
1870
1919
1871
1920
1872
1921
1873
1922
1874
1923
1875
1924
1876
1925
1877
1926
1878
1927
1879
1928
1880
1929
1881
1930
1882
1931
1883
1932
1884
1933
1885
1934
1886
1935
1887
1936
1888
1937
1889
1938
1890
1939
1891
1940
1892
1941
1893
1942
1894
1943
1895
1944
1896
1945
1897
1946
1898
1947
1899
1948
1949
4350
1901
1950
1902
1951
1903
1952
1904
1953
1905
1954
1906
1955
1907
1956
1908
1957
1909
1958
1910
1959
1911
1960
1912
1961
1913
1962
1914
1963
1915
1964
1916
1965
1917
1966
1918
1967
1919
1968
1920
1969
1921
1970
1922
1971
1923
1972
1924
1973
1925
1974
1926
1975
1927
1976
1928
1977
1929
1978
1930
1979
1931
1980
1932
1981
1933
1982
1934
1983
1935
1984
1936
1985
1937
1986
1938
1987
1939
1988
1940
1989
1941
1990
1942
1991
1943
1992
1944
1993
1945
1994
1946
1995
1947
1996
1948
1997
1949
1998
1999
4400
1951
2000
1952
2001
1953
2002
1954
2003
1955
2004
1956
2005
1957
2006
1958
2007
1959
2008
1960
2009
1961
2010
1962
2011
1963
2012
1964
2013
1965
2014
1966
2015
1967
2016
1968
2017
1969
2018
1970
2019
1971
2020
1972
2021
1973
2022
1974
2023
1975
2024
1976
2025
1977
2026
1978
2027
1979
2028
1980
2029
1981
2030
1982
2031
1983
2032
1984
2033
1985
2034
1986
2035
1987
2036
1988
2037
1989
2038
1990
2039
1991
2040
1992
2041
1993
2042
1994
2043
1995
2044
1996
2045
1997
2046
1998
2047
1999
2048
2049
4450
2001
2050
2002
2051
2003
2052
2004
2053
2005
2054
2006
2055
2007
2056
2008
2057
2009
2058
2010
2059
2011
2060
2012
2061
2013
2062
2014
2063
2015
2064
2016
2065
2017
2066
2018
2067
2019
2068
2020
2069
2021
2070
2022
2071
2023
2072
2024
2073
2025
2074
2026
2075
2027
2076
2028
2077
2029
2078
2030
2079
2031
2080
2032
2081
2033
2082
2034
2083
2035
2084
2036
2085
2037
2086
2038
2087
2039
2088
2040
2089
2041
2090
2042
2091
2043
2092
2044
2093
2045
2094
2046
2095
2047
2096
2048
2097
2049
2098
2099
4500
2051
2100
2052
2101
2053
2102
2054
2103
2055
2104
2056
2105
2057
2106
2058
2107
2059
2108
2060
2109
2061
2110
2062
2111
2063
2112
2064
2113
2065
2114
2066
2115
2067
2116
2068
2117
2069
2118
2070
2119
2071
2120
2072
2121
2073
2122
2074
2123
2075
2124
2076
2125
2077
2126
2078
2127
2079
2128
2080
2129
2081
2130
2082
2131
2083
2132
2084
2133
2085
2134
2086
2135
2087
2136
2088
2137
2089
2138
2090
2139
2091
2140
2092
2141
2093
2142
2094
2143
2095
2144
2096
2145
2097
2146
2098
2147
2099
2148
2149
4550
2101
2150
2102
2151
2103
2152
2104
2153
2105
2154
2106
2155
2107
2156
2108
2157
2109
2158
2110
2159
2111
2160
2112
2161
2113
2162
2114
2163
2115
2164
2116
2165
2117
2166
2118
2167
2119
2168
2120
2169
2121
2170
2122
2171
2123
2172
2124
2173
2125
2174
2126
2175
2127
2176
2128
2177
2129
2178
2130
2179
2131
2180
2132
2181
2133
2182
2134
2183
2135
2184
2136
2185
2137
2186
2138
2187
2139
2188
2140
2189
2141
2190
2142
2191
2143
2192
2144
2193
2145
2194
2146
2195
2147
2196
2148
2197
2149
2198
2199
4600
2151
2200
2152
2201
2153
2202
2154
2203
2155
2204
2156
2205
2157
2206
2158
2207
2159
2208
2160
2209
2161
2210
2162
2211
2163
2212
2164
2213
2165
2214
2166
2215
2167
2216
2168
2217
2169
2218
2170
2219
2171
2220
2172
2221
2173
2222
2174
2223
2175
2224
2176
2225
2177
2226
2178
2227
2179
2228
2180
2229
2181
2230
2182
2231
2183
2232
2184
2233
2185
2234
2186
2235
2187
2236
2188
2237
2189
2238
2190
2239
2191
2240
2192
2241
2193
2242
2194
2243
2195
2244
2196
2245
2197
2246
2198
2247
2199
2248
2249
4650
2201
2250
2202
2251
2203
2252
2204
2253
2205
2254
2206
2255
2207
2256
2208
2257
2209
2258
2210
2259
2211
2260
2212
2261
2213
2262
2214
2263
2215
2264
2216
2265
2217
2266
2218
2267
2219
2268
2220
2269
2221
2270
2222
2271
2223
2272
2224
2273
2225
2274
2226
2275
2227
2276
2228
2277
2229
2278
2230
2279
2231
2280
2232
2281
2233
2282
2234
2283
2235
2284
2236
2285
2237
2286
2238
2287
2239
2288
2240
2289
2241
2290
2242
2291
2243
2292
2244
2293
2245
2294
2246
2295
2247
2296
2248
2297
2249
2298
2299
4700
2251
2300
2252
2301
2253
2302
2254
2303
2255
2304
2256
2305
2257
2306
2258
2307
2259
2308
2260
2309
2261
2310
2262
2311
2263
2312
2264
2313
2265
2314
2266
2315
2267
2316
2268
2317
2269
2318
2270
2319
2271
2320
2272
2321
2273
2322
2274
2323
2275
2324
2276
2325
2277
2326
2278
2327
2279
2328
2280
2329
2281
2330
2282
2331
2283
2332
2284
2333
2285
2334
2286
2335
2287
2336
2288
2337
2289
2338
2290
2339
2291
2340
2292
2341
2293
2342
2294
2343
2295
2344
2296
2345
2297
2346
2298
2347
2299
2348
2349
4750
2301
2350
2302
2351
2303
2352
2304
2353
2305
2354
2306
2355
2307
2356
2308
2357
2309
2358
2310
2359
2311
2360
2312
2361
2313
2362
2314
2363
2315
2364
2316
2365
2317
2366
2318
2367
2319
2368
2320
2369
2321
2370
2322
2371
2323
2372
2324
2373
2325
2374
2326
2375
2327
2376
2328
2377
2329
2378
2330
2379
2331
2380
2332
2381
2333
2382
2334
2383
2335
2384
2336
2385
2337
2386
2338
2387
2339
2388
2340
2389
2341
2390
2342
2391
2343
2392
2344
2393
2345
2394
2346
2395
2347
2396
2348
2397
2349
2398
2399
4800
2351
2400
2352
2401
2353
2402
2354
2403
2355
2404
2356
2405
2357
2406
2358
2407
2359
2408
2360
2409
2361
2410
2362
2411
2363
2412
2364
2413
2365
2414
2366
2415
2367
2416
2368
2417
2369
2418
2370
2419
2371
2420
2372
2421
2373
2422
2374
2423
2375
2424
2376
2425
2377
2426
2378
2427
2379
2428
2380
2429
2381
2430
2382
2431
2383
2432
2384
2433
2385
2434
2386
2435
2387
2436
2388
2437
2389
2438
2390
2439
2391
2440
2392
2441
2393
2442
2394
2443
2395
2444
2396
2445
2397
2446
2398
2447
2399
2448
2449
4850
2401
2450
2402
2451
2403
2452
2404
2453
2405
2454
2406
2455
2407
2456
2408
2457
2409
2458
2410
2459
2411
2460
2412
2461
2413
2462
2414
2463
2415
2464
2416
2465
2417
2466
2418
2467
2419
2468
2420
2469
2421
2470
2422
2471
2423
2472
2424
2473
2425
2474
2426
2475
2427
2476
2428
2477
2429
2478
2430
2479
2431
2480
2432
2481
2433
2482
2434
2483
2435
2484
2436
2485
2437
2486
2438
2487
2439
2488
2440
2489
2441
2490
2442
2491
2443
2492
2444
2493
2445
2494
2446
2495
2447
2496
2448
2497
2449
2498
2499
4900
2451
2452
2453
2454
2455
2456
2457
2458
2459
2460
2461
2462
2463
2464
2465
2466
2467
2468
2469
2470
2471
2472
2473
2474
2475
2476
2477
2478
2479
2480
2481
2482
2483
2484
2485
2486
2487
2488
2489
2490
2491
2492
2493
2494
2495
2496
2497
2498
2499
4950
2501
2550
2502
2551
2503
2552
2504
2553
2505
2554
2506
2555
2507
2556
2508
2557
2509
2558
2510
2559
2511
2560
2512
2561
2513
2562
2514
2563
2515
2564
2516
2565
2517
2566
2518
2567
2519
2568
2520
2569
2521
2570
2522
2571
2523
2572
2524
2573
2525
2574
2526
2575
2527
2576
2528
2577
2529
2578
2530
2579
2531
2580
2532
2581
2533
2582
2534
2583
2535
2584
2536
2585
2537
2586
2538
2587
2539
2588
2540
2589
2541
2590
2542
2591
2543
2592
2544
2593
2545
2594
2546
2595
2547
2596
2548
2597
2549
2598
2599
5000
2551
2600
2552
2601
2553
2602
2554
2603
2555
2604
2556
2605
2557
2606
2558
2607
2559
2608
2560
2609
2561
2610
2562
2611
2563
2612
2564
2613
2565
2614
2566
2615
2567
2616
2568
2617
2569
2618
2570
2619
2571
2620
2572
2621
2573
2622
2574
2623
2575
2624
2576
2625
2577
2626
2578
2627
2579
2628
2580
2629
2581
2630
2582
2631
2583
2632
2584
2633
2585
2634
2586
2635
2587
2636
2588
2637
2589
2638
2590
2639
2591
2640
2592
2641
2593
2642
2594
2643
2595
2644
2596
2645
2597
2646
2598
2647
2599
2648
2649
5050
2601
2650
2602
2651
2603
2652
2604
2653
2605
2654
2606
2655
2607
2656
2608
2657
2609
2658
2610
2659
2611
2660
2612
2661
2613
2662
2614
2663
2615
2664
2616
2665
2617
2666
2618
2667
2619
2668
2620
2669
2621
2670
2622
2671
2623
2672
2624
2673
2625
2674
2626
2675
2627
2676
2628
2677
2629
2678
2630
2679
2631
2680
2632
2681
2633
2682
2634
2683
2635
2684
2636
2685
2637
2686
2638
2687
2639
2688
2640
2689
2641
2690
2642
2691
2643
2692
2644
2693
2645
2694
2646
2695
2647
2696
2648
2697
2649
2698
2699
5100
2651
2700
2652
2701
2653
2702
2654
2703
2655
2704
2656
2705
2657
2706
2658
2707
2659
2708
2660
2709
2661
2710
2662
2711
2663
2712
2664
2713
2665
2714
2666
2715
2667
2716
2668
2717
2669
2718
2670
2719
2671
2720
2672
2721
2673
2722
2674
2723
2675
2724
2676
2725
2677
2726
2678
2727
2679
2728
2680
2729
2681
2730
2682
2731
2683
2732
2684
2733
2685
2734
2686
2735
2687
2736
2688
2737
2689
2738
2690
2739
2691
2740
2692
2741
2693
2742
2694
2743
2695
2744
2696
2745
2697
2746
2698
2747
2699
2748
2749
5150
2701
2750
2702
2751
2703
2752
2704
2753
2705
2754
2706
2755
2707
2756
2708
2757
2709
2758
2710
2759
2711
2760
2712
2761
2713
2762
2714
2763
2715
2764
2716
2765
2717
2766
2718
2767
2719
2768
2720
2769
2721
2770
2722
2771
2723
2772
2724
2773
2725
2774
2726
2775
2727
2776
2728
2777
2729
2778
2730
2779
2731
2780
2732
2781
2733
2782
2734
2783
2735
2784
2736
2785
2737
2786
2738
2787
2739
2788
2740
2789
2741
2790
2742
2791
2743
2792
2744
2793
2745
2794
2746
2795
2747
2796
2748
2797
2749
2798
2799
5200
2751
2800
2752
2801
2753
2802
2754
2803
2755
2804
2756
2805
2757
2806
2758
2807
2759
2808
2760
2809
2761
2810
2762
2811
2763
2812
2764
2813
2765
2814
2766
2815
2767
2816
2768
2817
2769
2818
2770
2819
2771
2820
2772
2821
2773
2822
2774
2823
2775
2824
2776
2825
2777
2826
2778
2827
2779
2828
2780
2829
2781
2830
2782
2831
2783
2832
2784
2833
2785
2834
2786
2835
2787
2836
2788
2837
2789
2838
2790
2839
2791
2840
2792
2841
2793
2842
2794
2843
2795
2844
2796
2845
2797
2846
2798
2847
2799
2848
2849
5250
2801
2850
2802
2851
2803
2852
2804
2853
2805
2854
2806
2855
2807
2856
2808
2857
2809
2858
2810
2859
2811
2860
2812
2861
2813
2862
2814
2863
2815
2864
2816
2865
2817
2866
2818
2867
2819
2868
2820
2869
2821
2870
2822
2871
2823
2872
2824
2873
2825
2874
2826
2875
2827
2876
2828
2877
2829
2878
2830
2879
2831
2880
2832
2881
2833
2882
2834
2883
2835
2884
2836
2885
2837
2886
2838
2887
2839
2888
2840
2889
2841
2890
2842
2891
2843
2892
2844
2893
2845
2894
2846
2895
2847
2896
2848
2897
2849
2898
2899
5300
2851
2900
2852
2901
2853
2902
2854
2903
2855
2904
2856
2905
2857
2906
2858
2907
2859
2908
2860
2909
2861
2910
2862
2911
2863
2912
2864
2913
2865
2914
2866
2915
2867
2916
2868
2917
2869
2918
2870
2919
2871
2920
2872
2921
2873
2922
2874
2923
2875
2924
2876
2925
2877
2926
2878
2927
2879
2928
2880
2929
2881
2930
2882
2931
2883
2932
2884
2933
2885
2934
2886
2935
2887
2936
2888
2937
2889
2938
2890
2939
2891
2940
2892
2941
2893
2942
2894
2943
2895
2944
2896
2945
2897
2946
2898
2947
2899
2948
2949
5350
2901
2950
2902
2951
2903
2952
2904
2953
2905
2954
2906
2955
2907
2956
2908
2957
2909
2958
2910
2959
2911
2960
2912
2961
2913
2962
2914
2963
2915
2964
2916
2965
2917
2966
2918
2967
2919
2968
2920
2969
2921
2970
2922
2971
2923
2972
2924
2973
2925
2974
2926
2975
2927
2976
2928
2977
2929
2978
2930
2979
2931
2980
2932
2981
2933
2982
2934
2983
2935
2984
2936
2985
2937
2986
2938
2987
2939
2988
2940
2989
2941
2990
2942
2991
2943
2992
2944
2993
2945
2994
2946
2995
2947
2996
2948
2997
2949
2998
2999
5400
2951
3000
2952
3001
2953
3002
2954
3003
2955
3004
2956
3005
2957
3006
2958
3007
2959
3008
2960
3009
2961
3010
2962
3011
2963
3012
2964
3013
2965
3014
2966
3015
2967
3016
2968
3017
2969
3018
2970
3019
2971
3020
2972
3021
2973
3022
2974
3023
2975
3024
2976
3025
2977
3026
2978
3027
2979
3028
2980
3029
2981
3030
2982
3031
2983
3032
2984
3033
2985
3034
2986
3035
2987
3036
2988
3037
2989
3038
2990
3039
2991
3040
2992
3041
2993
3042
2994
3043
2995
3044
2996
3045
2997
3046
2998
3047
2999
3048
3049
5450
3001
3050
3002
3051
3003
3052
3004
3053
3005
3054
3006
3055
3007
3056
3008
3057
3009
3058
3010
3059
3011
3060
3012
3061
3013
3062
3014
3063
3015
3064
3016
3065
3017
3066
3018
3067
3019
3068
3020
3069
3021
3070
3022
3071
3023
3072
3024
3073
3025
3074
3026
3075
3027
3076
3028
3077
3029
3078
3030
3079
3031
3080
3032
3081
3033
3082
3034
3083
3035
3084
3036
3085
3037
3086
3038
3087
3039
3088
3040
3089
3041
3090
3042
3091
3043
3092
3044
3093
3045
3094
3046
3095
3047
3096
3048
3097
3049
3098
3099
5500
3051
3100
3052
3101
3053
3102
3054
3103
3055
3104
3056
3105
3057
3106
3058
3107
3059
3108
3060
3109
3061
3110
3062
3111
3063
3112
3064
3113
3065
3114
3066
3115
3067
3116
3068
3117
3069
3118
3070
3119
3071
3120
3072
3121
3073
3122
3074
3123
3075
3124
3076
3125
3077
3126
3078
3127
3079
3128
3080
3129
3081
3130
3082
3131
3083
3132
3084
3133
3085
3134
3086
3135
3087
3136
3088
3137
3089
3138
3090
3139
3091
3140
3092
3141
3093
3142
3094
3143
3095
3144
3096
3145
3097
3146
3098
3147
3099
3148
3149
5550
3101
3150
3102
3151
3103
3152
3104
3153
3105
3154
3106
3155
3107
3156
3108
3157
3109
3158
3110
3159
3111
3160
3112
3161
3113
3162
3114
3163
3115
3164
3116
3165
3117
3166
3118
3167
3119
3168
3120
3169
3121
3170
3122
3171
3123
3172
3124
3173
3125
3174
3126
3175
3127
3176
3128
3177
3129
3178
3130
3179
3131
3180
3132
3181
3133
3182
3134
3183
3135
3184
3136
3185
3137
3186
3138
3187
3139
3188
3140
3189
3141
3190
3142
3191
3143
3192
3144
3193
3145
3194
3146
3195
3147
3196
3148
3197
3149
3198
3199
5600
3151
3200
3152
3201
3153
3202
3154
3203
3155
3204
3156
3205
3157
3206
3158
3207
3159
3208
3160
3209
3161
3210
3162
3211
3163
3212
3164
3213
3165
3214
3166
3215
3167
3216
3168
3217
3169
3218
3170
3219
3171
3220
3172
3221
3173
3222
3174
3223
3175
3224
3176
3225
3177
3226
3178
3227
3179
3228
3180
3229
3181
3230
3182
3231
3183
3232
3184
3233
3185
3234
3186
3235
3187
3236
3188
3237
3189
3238
3190
3239
3191
3240
3192
3241
3193
3242
3194
3243
3195
3244
3196
3245
3197
3246
3198
3247
3199
3248
3249
5650
3201
3250
3202
3251
3203
3252
3204
3253
3205
3254
3206
3255
3207
3256
3208
3257
3209
3258
3210
3259
3211
3260
3212
3261
3213
3262
3214
3263
3215
3264
3216
3265
3217
3266
3218
3267
3219
3268
3220
3269
3221
3270
3222
3271
3223
3272
3224
3273
3225
3274
3226
3275
3227
3276
3228
3277
3229
3278
3230
3279
3231
3280
3232
3281
3233
3282
3234
3283
3235
3284
3236
3285
3237
3286
3238
3287
3239
3288
3240
3289
3241
3290
3242
3291
3243
3292
3244
3293
3245
3294
3246
3295
3247
3296
3248
3297
3249
3298
3299
5700
3251
3300
3252
3301
3253
3302
3254
3303
3255
3304
3256
3305
3257
3306
3258
3307
3259
3308
3260
3309
3261
3310
3262
3311
3263
3312
3264
3313
3265
3314
3266
3315
3267
3316
3268
3317
3269
3318
3270
3319
3271
3320
3272
3321
3273
3322
3274
3323
3275
3324
3276
3325
3277
3326
3278
3327
3279
3328
3280
3329
3281
3330
3282
3331
3283
3332
3284
3333
3285
3334
3286
3335
3287
3336
3288
3337
3289
3338
3290
3339
3291
3340
3292
3341
3293
3342
3294
3343
3295
3344
3296
3345
3297
3346
3298
3347
3299
3348
3349
5750
3301
3350
3302
3351
3303
3352
3304
3353
3305
3354
3306
3355
3307
3356
3308
3357
3309
3358
3310
3359
3311
3360
3312
3361
3313
3362
3314
3363
3315
3364
3316
3365
3317
3366
3318
3367
3319
3368
3320
3369
3321
3370
3322
3371
3323
3372
3324
3373
3325
3374
3326
3375
3327
3376
3328
3377
3329
3378
3330
3379
3331
3380
3332
3381
3333
3382
3334
3383
3335
3384
3336
3385
3337
3386
3338
3387
3339
3388
3340
3389
3341
3390
3342
3391
3343
3392
3344
3393
3345
3394
3346
3395
3347
3396
3348
3397
3349
3398
3399
5800
3351
3400
3352
3401
3353
3402
3354
3403
3355
3404
3356
3405
3357
3406
3358
3407
3359
3408
3360
3409
3361
3410
3362
3411
3363
3412
3364
3413
3365
3414
3366
3415
3367
3416
3368
3417
3369
3418
3370
3419
3371
3420
3372
3421
3373
3422
3374
3423
3375
3424
3376
3425
3377
3426
3378
3427
3379
3428
3380
3429
3381
3430
3382
3431
3383
3432
3384
3433
3385
3434
3386
3435
3387
3436
3388
3437
3389
3438
3390
3439
3391
3440
3392
3441
3393
3442
3394
3443
3395
3444
3396
3445
3397
3446
3398
3447
3399
3448
3449
5850
3401
3450
3402
3451
3403
3452
3404
3453
3405
3454
3406
3455
3407
3456
3408
3457
3409
3458
3410
3459
3411
3460
3412
3461
3413
3462
3414
3463
3415
3464
3416
3465
3417
3466
3418
3467
3419
3468
3420
3469
3421
3470
3422
3471
3423
3472
3424
3473
3425
3474
3426
3475
3427
3476
3428
3477
3429
3478
3430
3479
3431
3480
3432
3481
3433
3482
3434
3483
3435
3484
3436
3485
3437
3486
3438
3487
3439
3488
3440
3489
3441
3490
3442
3491
3443
3492
3444
3493
3445
3494
3446
3495
3447
3496
3448
3497
3449
3498
3499
5900
3451
3500
3452
3501
3453
3502
3454
3503
3455
3504
3456
3505
3457
3506
3458
3507
3459
3508
3460
3509
3461
3510
3462
3511
3463
3512
3464
3513
3465
3514
3466
3515
3467
3516
3468
3517
3469
3518
3470
3519
3471
3520
3472
3521
3473
3522
3474
3523
3475
3524
3476
3525
3477
3526
3478
3527
3479
3528
3480
3529
3481
3530
3482
3531
3483
3532
3484
3533
3485
3534
3486
3535
3487
3536
3488
3537
3489
3538
3490
3539
3491
3540
3492
3541
3493
3542
3494
3543
3495
3544
3496
3545
3497
3546
3498
3547
3499
3548
3549
5950
3501
3550
3502
3551
3503
3552
3504
3553
3505
3554
3506
3555
3507
3556
3508
3557
3509
3558
3510
3559
3511
3560
3512
3561
3513
3562
3514
3563
3515
3564
3516
3565
3517
3566
3518
3567
3519
3568
3520
3569
3521
3570
3522
3571
3523
3572
3524
3573
3525
3574
3526
3575
3527
3576
3528
3577
3529
3578
3530
3579
3531
3580
3532
3581
3533
3582
3534
3583
3535
3584
3536
3585
3537
3586
3538
3587
3539
3588
3540
3589
3541
3590
3542
3591
3543
3592
3544
3593
3545
3594
3546
3595
3547
3596
3548
3597
3549
3598
3599
6000
3551
3600
3552
3601
3553
3602
3554
3603
3555
3604
3556
3605
3557
3606
3558
3607
3559
3608
3560
3609
3561
3610
3562
3611
3563
3612
3564
3613
3565
3614
3566
3615
3567
3616
3568
3617
3569
3618
3570
3619
3571
3620
3572
3621
3573
3622
3574
3623
3575
3624
3576
3625
3577
3626
3578
3627
3579
3628
3580
3629
3581
3630
3582
3631
3583
3632
3584
3633
3585
3634
3586
3635
3587
3636
3588
3637
3589
3638
3590
3639
3591
3640
3592
3641
3593
3642
3594
3643
3595
3644
3596
3645
3597
3646
3598
3647
3599
3648
3649
6050
3601
3650
3602
3651
3603
3652
3604
3653
3605
3654
3606
3655
3607
3656
3608
3657
3609
3658
3610
3659
3611
3660
3612
3661
3613
3662
3614
3663
3615
3664
3616
3665
3617
3666
3618
3667
3619
3668
3620
3669
3621
3670
3622
3671
3623
3672
3624
3673
3625
3674
3626
3675
3627
3676
3628
3677
3629
3678
3630
3679
3631
3680
3632
3681
3633
3682
3634
3683
3635
3684
3636
3685
3637
3686
3638
3687
3639
3688
3640
3689
3641
3690
3642
3691
3643
3692
3644
3693
3645
3694
3646
3695
3647
3696
3648
3697
3649
3698
3699
6100
3651
3700
3652
3701
3653
3702
3654
3703
3655
3704
3656
3705
3657
3706
3658
3707
3659
3708
3660
3709
3661
3710
3662
3711
3663
3712
3664
3713
3665
3714
3666
3715
3667
3716
3668
3717
3669
3718
3670
3719
3671
3720
3672
3721
3673
3722
3674
3723
3675
3724
3676
3725
3677
3726
3678
3727
3679
3728
3680
3729
3681
3730
3682
3731
3683
3732
3684
3733
3685
3734
3686
3735
3687
3736
3688
3737
3689
3738
3690
3739
3691
3740
3692
3741
3693
3742
3694
3743
3695
3744
3696
3745
3697
3746
3698
3747
3699
3748
3749
6150
3701
3750
3702
3751
3703
3752
3704
3753
3705
3754
3706
3755
3707
3756
3708
3757
3709
3758
3710
3759
3711
3760
3712
3761
3713
3762
3714
3763
3715
3764
3716
3765
3717
3766
3718
3767
3719
3768
3720
3769
3721
3770
3722
3771
3723
3772
3724
3773
3725
3774
3726
3775
3727
3776
3728
3777
3729
3778
3730
3779
3731
3780
3732
3781
3733
3782
3734
3783
3735
3784
3736
3785
3737
3786
3738
3787
3739
3788
3740
3789
3741
3790
3742
3791
3743
3792
3744
3793
3745
3794
3746
3795
3747
3796
3748
3797
3749
3798
3799
6200
3751
3800
3752
3801
3753
3802
3754
3803
3755
3804
3756
3805
3757
3806
3758
3807
3759
3808
3760
3809
3761
3810
3762
3811
3763
3812
3764
3813
3765
3814
3766
3815
3767
3816
3768
3817
3769
3818
3770
3819
3771
3820
3772
3821
3773
3822
3774
3823
3775
3824
3776
3825
3777
3826
3778
3827
3779
3828
3780
3829
3781
3830
3782
3831
3783
3832
3784
3833
3785
3834
3786
3835
3787
3836
3788
3837
3789
3838
3790
3839
3791
3840
3792
3841
3793
3842
3794
3843
3795
3844
3796
3845
3797
3846
3798
3847
3799
3848
3849
6250
3801
3850
3802
3851
3803
3852
3804
3853
3805
3854
3806
3855
3807
3856
3808
3857
3809
3858
3810
3859
3811
3860
3812
3861
3813
3862
3814
3863
3815
3864
3816
3865
3817
3866
3818
3867
3819
3868
3820
3869
3821
3870
3822
3871
3823
3872
3824
3873
3825
3874
3826
3875
3827
3876
3828
3877
3829
3878
3830
3879
3831
3880
3832
3881
3833
3882
3834
3883
3835
3884
3836
3885
3837
3886
3838
3887
3839
3888
3840
3889
3841
3890
3842
3891
3843
3892
3844
3893
3845
3894
3846
3895
3847
3896
3848
3897
3849
3898
3899
6300
3851
3900
3852
3901
3853
3902
3854
3903
3855
3904
3856
3905
3857
3906
3858
3907
3859
3908
3860
3909
3861
3910
3862
3911
3863
3912
3864
3913
3865
3914
3866
3915
3867
3916
3868
3917
3869
3918
3870
3919
3871
3920
3872
3921
3873
3922
3874
3923
3875
3924
3876
3925
3877
3926
3878
3927
3879
3928
3880
3929
3881
3930
3882
3931
3883
3932
3884
3933
3885
3934
3886
3935
3887
3936
3888
3937
3889
3938
3890
3939
3891
3940
3892
3941
3893
3942
3894
3943
3895
3944
3896
3945
3897
3946
3898
3947
3899
3948
3949
6350
3901
3950
3902
3951
3903
3952
3904
3953
3905
3954
3906
3955
3907
3956
3908
3957
3909
3958
3910
3959
3911
3960
3912
3961
3913
3962
3914
3963
3915
3964
3916
3965
3917
3966
3918
3967
3919
3968
3920
3969
3921
3970
3922
3971
3923
3972
3924
3973
3925
3974
3926
3975
3927
3976
3928
3977
3929
3978
3930
3979
3931
3980
3932
3981
3933
3982
3934
3983
3935
3984
3936
3985
3937
3986
3938
3987
3939
3988
3940
3989
3941
3990
3942
3991
3943
3992
3944
3993
3945
3994
3946
3995
3947
3996
3948
3997
3949
3998
3999
6400
3951
4000
3952
4001
3953
4002
3954
4003
3955
4004
3956
4005
3957
4006
3958
4007
3959
4008
3960
4009
3961
4010
3962
4011
3963
4012
3964
4013
3965
4014
3966
4015
3967
4016
3968
4017
3969
4018
3970
4019
3971
4020
3972
4021
3973
4022
3974
4023
3975
4024
3976
4025
3977
4026
3978
4027
3979
4028
3980
4029
3981
4030
3982
4031
3983
4032
3984
4033
3985
4034
3986
4035
3987
4036
3988
4037
3989
4038
3990
4039
3991
4040
3992
4041
3993
4042
3994
4043
3995
4044
3996
4045
3997
4046
3998
4047
3999
4048
4049
6450
4001
4050
4002
4051
4003
4052
4004
4053
4005
4054
4006
4055
4007
4056
4008
4057
4009
4058
4010
4059
4011
4060
4012
4061
4013
4062
4014
4063
4015
4064
4016
4065
4017
4066
4018
4067
4019
4068
4020
4069
4021
4070
4022
4071
4023
4072
4024
4073
4025
4074
4026
4075
4027
4076
4028
4077
4029
4078
4030
4079
4031
4080
4032
4081
4033
4082
4034
4083
4035
4084
4036
4085
4037
4086
4038
4087
4039
4088
4040
4089
4041
4090
4042
4091
4043
4092
4044
4093
4045
4094
4046
4095
4047
4096
4048
4097
4049
4098
4099
6500
4051
4100
4052
4101
4053
4102
4054
4103
4055
4104
4056
4105
4057
4106
4058
4107
4059
4108
4060
4109
4061
4110
4062
4111
4063
4112
4064
4113
4065
4114
4066
4115
4067
4116
4068
4117
4069
4118
4070
4119
4071
4120
4072
4121
4073
4122
4074
4123
4075
4124
4076
4125
4077
4126
4078
4127
4079
4128
4080
4129
4081
4130
4082
4131
4083
4132
4084
4133
4085
4134
4086
4135
4087
4136
4088
4137
4089
4138
4090
4139
4091
4140
4092
4141
4093
4142
4094
4143
4095
4144
4096
4145
4097
4146
4098
4147
4099
4148
4149
6550
4101
4150
4102
4151
4103
4152
4104
4153
4105
4154
4106
4155
4107
4156
4108
4157
4109
4158
4110
4159
4111
4160
4112
4161
4113
4162
4114
4163
4115
4164
4116
4165
4117
4166
4118
4167
4119
4168
4120
4169
4121
4170
4122
4171
4123
4172
4124
4173
4125
4174
4126
4175
4127
4176
4128
4177
4129
4178
4130
4179
4131
4180
4132
4181
4133
4182
4134
4183
4135
4184
4136
4185
4137
4186
4138
4187
4139
4188
4140
4189
4141
4190
4142
4191
4143
4192
4144
4193
4145
4194
4146
4195
4147
4196
4148
4197
4149
4198
4199
6600
4151
4200
4152
4201
4153
4202
4154
4203
4155
4204
4156
4205
4157
4206
4158
4207
4159
4208
4160
4209
4161
4210
4162
4211
4163
4212
4164
4213
4165
4214
4166
4215
4167
4216
4168
4217
4169
4218
4170
4219
4171
4220
4172
4221
4173
4222
4174
4223
4175
4224
4176
4225
4177
4226
4178
4227
4179
4228
4180
4229
4181
4230
4182
4231
4183
4232
4184
4233
4185
4234
4186
4235
4187
4236
4188
4237
4189
4238
4190
4239
4191
4240
4192
4241
4193
4242
4194
4243
4195
4244
4196
4245
4197
4246
4198
4247
4199
4248
4249
6650
4201
4250
4202
4251
4203
4252
4204
4253
4205
4254
4206
4255
4207
4256
4208
4257
4209
4258
4210
4259
4211
4260
4212
4261
4213
4262
4214
4263
4215
4264
4216
4265
4217
4266
4218
4267
4219
4268
4220
4269
4221
4270
4222
4271
4223
4272
4224
4273
4225
4274
4226
4275
4227
4276
4228
4277
4229
4278
4230
4279
4231
4280
4232
4281
4233
4282
4234
4283
4235
4284
4236
4285
4237
4286
4238
4287
4239
4288
4240
4289
4241
4290
4242
4291
4243
4292
4244
4293
4245
4294
4246
4295
4247
4296
4248
4297
4249
4298
4299
6700
4251
4300
4252
4301
4253
4302
4254
4303
4255
4304
4256
4305
4257
4306
4258
4307
4259
4308
4260
4309
4261
4310
4262
4311
4263
4312
4264
4313
4265
4314
4266
4315
4267
4316
4268
4317
4269
4318
4270
4319
4271
4320
4272
4321
4273
4322
4274
4323
4275
4324
4276
4325
4277
4326
4278
4327
4279
4328
4280
4329
4281
4330
4282
4331
4283
4332
4284
4333
4285
4334
4286
4335
4287
4336
4288
4337
4289
4338
4290
4339
4291
4340
4292
4341
4293
4342
4294
4343
4295
4344
4296
4345
4297
4346
4298
4347
4299
4348
4349
6750
4301
4350
4302
4351
4303
4352
4304
4353
4305
4354
4306
4355
4307
4356
4308
4357
4309
4358
4310
4359
4311
4360
4312
4361
4313
4362
4314
4363
4315
4364
4316
4365
4317
4366
4318
4367
4319
4368
4320
4369
4321
4370
4322
4371
4323
4372
4324
4373
4325
4374
4326
4375
4327
4376
4328
4377
4329
4378
4330
4379
4331
4380
4332
4381
4333
4382
4334
4383
4335
4384
4336
4385
4337
4386
4338
4387
4339
4388
4340
4389
4341
4390
4342
4391
4343
4392
4344
4393
4345
4394
4346
4395
4347
4396
4348
4397
4349
4398
4399
6800
4351
4400
4352
4401
4353
4402
4354
4403
4355
4404
4356
4405
4357
4406
4358
4407
4359
4408
4360
4409
4361
4410
4362
4411
4363
4412
4364
4413
4365
4414
4366
4415
4367
4416
4368
4417
4369
4418
4370
4419
4371
4420
4372
4421
4373
4422
4374
4423
4375
4424
4376
4425
4377
4426
4378
4427
4379
4428
4380
4429
4381
4430
4382
4431
4383
4432
4384
4433
4385
4434
4386
4435
4387
4436
4388
4437
4389
4438
4390
4439
4391
4440
4392
4441
4393
4442
4394
4443
4395
4444
4396
4445
4397
4446
4398
4447
4399
4448
4449
6850
4401
4450
4402
4451
4403
4452
4404
4453
4405
4454
4406
4455
4407
4456
4408
4457
4409
4458
4410
4459
4411
4460
4412
4461
4413
4462
4414
4463
4415
4464
4416
4465
4417
4466
4418
4467
4419
4468
4420
4469
4421
4470
4422
4471
4423
4472
4424
4473
4425
4474
4426
4475
4427
4476
4428
4477
4429
4478
4430
4479
4431
4480
4432
4481
4433
4482
4434
4483
4435
4484
4436
4485
4437
4486
4438
4487
4439
4488
4440
4489
4441
4490
4442
4491
4443
4492
4444
4493
4445
4494
4446
4495
4447
4496
4448
4497
4449
4498
4499
6900
4451
4500
4452
4501
4453
4502
4454
4503
4455
4504
4456
4505
4457
4506
4458
4507
4459
4508
4460
4509
4461
4510
4462
4511
4463
4512
4464
4513
4465
4514
4466
4515
4467
4516
4468
4517
4469
4518
4470
4519
4471
4520
4472
4521
4473
4522
4474
4523
4475
4524
4476
4525
4477
4526
4478
4527
4479
4528
4480
4529
4481
4530
4482
4531
4483
4532
4484
4533
4485
4534
4486
4535
4487
4536
4488
4537
4489
4538
4490
4539
4491
4540
4492
4541
4493
4542
4494
4543
4495
4544
4496
4545
4497
4546
4498
4547
4499
4548
4549
6950
4501
4550
4502
4551
4503
4552
4504
4553
4505
4554
4506
4555
4507
4556
4508
4557
4509
4558
4510
4559
4511
4560
4512
4561
4513
4562
4514
4563
4515
4564
4516
4565
4517
4566
4518
4567
4519
4568
4520
4569
4521
4570
4522
4571
4523
4572
4524
4573
4525
4574
4526
4575
4527
4576
4528
4577
4529
4578
4530
4579
4531
4580
4532
4581
4533
4582
4534
4583
4535
4584
4536
4585
4537
4586
4538
4587
4539
4588
4540
4589
4541
4590
4542
4591
4543
4592
4544
4593
4545
4594
4546
4595
4547
4596
4548
4597
4549
4598
4599
7000
4551
4600
4552
4601
4553
4602
4554
4603
4555
4604
4556
4605
4557
4606
4558
4607
4559
4608
4560
4609
4561
4610
4562
4611
4563
4612
4564
4613
4565
4614
4566
4615
4567
4616
4568
4617
4569
4618
4570
4619
4571
4620
4572
4621
4573
4622
4574
4623
4575
4624
4576
4625
4577
4626
4578
4627
4579
4628
4580
4629
4581
4630
4582
4631
4583
4632
4584
4633
4585
4634
4586
4635
4587
4636
4588
4637
4589
4638
4590
4639
4591
4640
4592
4641
4593
4642
4594
4643
4595
4644
4596
4645
4597
4646
4598
4647
4599
4648
4649
7050
4601
4650
4602
4651
4603
4652
4604
4653
4605
4654
4606
4655
4607
4656
4608
4657
4609
4658
4610
4659
4611
4660
4612
4661
4613
4662
4614
4663
4615
4664
4616
4665
4617
4666
4618
4667
4619
4668
4620
4669
4621
4670
4622
4671
4623
4672
4624
4673
4625
4674
4626
4675
4627
4676
4628
4677
4629
4678
4630
4679
4631
4680
4632
4681
4633
4682
4634
4683
4635
4684
4636
4685
4637
4686
4638
4687
4639
4688
4640
4689
4641
4690
4642
4691
4643
4692
4644
4693
4645
4694
4646
4695
4647
4696
4648
4697
4649
4698
4699
7100
4651
4700
4652
4701
4653
4702
4654
4703
4655
4704
4656
4705
4657
4706
4658
4707
4659
4708
4660
4709
4661
4710
4662
4711
4663
4712
4664
4713
4665
4714
4666
4715
4667
4716
4668
4717
4669
4718
4670
4719
4671
4720
4672
4721
4673
4722
4674
4723
4675
4724
4676
4725
4677
4726
4678
4727
4679
4728
4680
4729
4681
4730
4682
4731
4683
4732
4684
4733
4685
4734
4686
4735
4687
4736
4688
4737
4689
4738
4690
4739
4691
4740
4692
4741
4693
4742
4694
4743
4695
4744
4696
4745
4697
4746
4698
4747
4699
4748
4749
7150
4701
4750
4702
4751
4703
4752
4704
4753
4705
4754
4706
4755
4707
4756
4708
4757
4709
4758
4710
4759
4711
4760
4712
4761
4713
4762
4714
4763
4715
4764
4716
4765
4717
4766
4718
4767
4719
4768
4720
4769
4721
4770
4722
4771
4723
4772
4724
4773
4725
4774
4726
4775
4727
4776
4728
4777
4729
4778
4730
4779
4731
4780
4732
4781
4733
4782
4734
4783
4735
4784
4736
4785
4737
4786
4738
4787
4739
4788
4740
4789
4741
4790
4742
4791
4743
4792
4744
4793
4745
4794
4746
4795
4747
4796
4748
4797
4749
4798
4799
7200
4751
4800
4752
4801
4753
4802
4754
4803
4755
4804
4756
4805
4757
4806
4758
4807
4759
4808
4760
4809
4761
4810
4762
4811
4763
4812
4764
4813
4765
4814
4766
4815
4767
4816
4768
4817
4769
4818
4770
4819
4771
4820
4772
4821
4773
4822
4774
4823
4775
4824
4776
4825
4777
4826
4778
4827
4779
4828
4780
4829
4781
4830
4782
4831
4783
4832
4784
4833
4785
4834
4786
4835
4787
4836
4788
4837
4789
4838
4790
4839
4791
4840
4792
4841
4793
4842
4794
4843
4795
4844
4796
4845
4797
4846
4798
4847
4799
4848
4849
7250
4801
4850
4802
4851
4803
4852
4804
4853
4805
4854
4806
4855
4807
4856
4808
4857
4809
4858
4810
4859
4811
4860
4812
4861
4813
4862
4814
4863
4815
4864
4816
4865
4817
4866
4818
4867
4819
4868
4820
4869
4821
4870
4822
4871
4823
4872
4824
4873
4825
4874
4826
4875
4827
4876
4828
4877
4829
4878
4830
4879
4831
4880
4832
4881
4833
4882
4834
4883
4835
4884
4836
4885
4837
4886
4838
4887
4839
4888
4840
4889
4841
4890
4842
4891
4843
4892
4844
4893
4845
4894
4846
4895
4847
4896
4848
4897
4849
4898
4899
7300
4851
4900
4852
4901
4853
4902
4854
4903
4855
4904
4856
4905
4857
4906
4858
4907
4859
4908
4860
4909
4861
4910
4862
4911
4863
4912
4864
4913
4865
4914
4866
4915
4867
4916
4868
4917
4869
4918
4870
4919
4871
4920
4872
4921
4873
4922
4874
4923
4875
4924
4876
4925
4877
4926
4878
4927
4879
4928
4880
4929
4881
4930
4882
4931
4883
4932
4884
4933
4885
4934
4886
4935
4887
4936
4888
4937
4889
4938
4890
4939
4891
4940
4892
4941
4893
4942
4894
4943
4895
4944
4896
4945
4897
4946
4898
4947
4899
4948
4949
7350
4901
4950
4902
4951
4903
4952
4904
4953
4905
4954
4906
4955
4907
4956
4908
4957
4909
4958
4910
4959
4911
4960
4912
4961
4913
4962
4914
4963
4915
4964
4916
4965
4917
4966
4918
4967
4919
4968
4920
4969
4921
4970
4922
4971
4923
4972
4924
4973
4925
4974
4926
4975
4927
4976
4928
4977
4929
4978
4930
4979
4931
4980
4932
4981
4933
4982
4934
4983
4935
4984
4936
4985
4937
4986
4938
4987
4939
4988
4940
4989
4941
4990
4942
4991
4943
4992
4944
4993
4945
4994
4946
4995
4947
4996
4948
4997
4949
4998
4999
7400
4951
4952
4953
4954
4955
4956
4957
4958
4959
4960
4961
4962
4963
4964
4965
4966
4967
4968
4969
4970
4971
4972
4973
4974
4975
4976
4977
4978
4979
4980
4981
4982
4983
4984
4985
4986
4987
4988
4989
4990
4991
4992
4993
4994
4995
4996
4997
4998
4999
7450
5001
5050
5002
5051
5003
5052
5004
5053
5005
5054
5006
5055
5007
5056
5008
5057
5009
5058
5010
5059
5011
5060
5012
5061
5013
5062
5014
5063
5015
5064
5016
5065
5017
5066
5018
5067
5019
5068
5020
5069
5021
5070
5022
5071
5023
5072
5024
5073
5025
5074
5026
5075
5027
5076
5028
5077
5029
5078
5030
5079
5031
5080
5032
5081
5033
5082
5034
5083
5035
5084
5036
5085
5037
5086
5038
5087
5039
5088
5040
5089
5041
5090
5042
5091
5043
5092
5044
5093
5045
5094
5046
5095
5047
5096
5048
5097
5049
5098
5099
5051
5100
5052
5101
5053
5102
5054
5103
5055
5104
5056
5105
5057
5106
5058
5107
5059
5108
5060
5109
5061
5110
5062
5111
5063
5112
5064
5113
5065
5114
5066
5115
5067
5116
5068
5117
5069
5118
5070
5119
5071
5120
5072
5121
5073
5122
5074
5123
5075
5124
5076
5125
5077
5126
5078
5127
5079
5128
5080
5129
5081
5130
5082
5131
5083
5132
5084
5133
5085
5134
5086
5135
5087
5136
5088
5137
5089
5138
5090
5139
5091
5140
5092
5141
5093
5142
5094
5143
5095
5144
5096
5145
5097
5146
5098
5147
5099
5148
5149
5101
5150
5102
5151
5103
5152
5104
5153
5105
5154
5106
5155
5107
5156
5108
5157
5109
5158
5110
5159
5111
5160
5112
5161
5113
5162
5114
5163
5115
5164
5116
5165
5117
5166
5118
5167
5119
5168
5120
5169
5121
5170
5122
5171
5123
5172
5124
5173
5125
5174
5126
5175
5127
5176
5128
5177
5129
5178
5130
5179
5131
5180
5132
5181
5133
5182
5134
5183
5135
5184
5136
5185
5137
5186
5138
5187
5139
5188
5140
5189
5141
5190
5142
5191
5143
5192
5144
5193
5145
5194
5146
5195
5147
5196
5148
5197
5149
5198
5199
5151
5200
5152
5201
5153
5202
5154
5203
5155
5204
5156
5205
5157
5206
5158
5207
5159
5208
5160
5209
5161
5210
5162
5211
5163
5212
5164
5213
5165
5214
5166
5215
5167
5216
5168
5217
5169
5218
5170
5219
5171
5220
5172
5221
5173
5222
5174
5223
5175
5224
5176
5225
5177
5226
5178
5227
5179
5228
5180
5229
5181
5230
5182
5231
5183
5232
5184
5233
5185
5234
5186
5235
5187
5236
5188
5237
5189
5238
5190
5239
5191
5240
5192
5241
5193
5242
5194
5243
5195
5244
5196
5245
5197
5246
5198
5247
5199
5248
5249
5201
5250
5202
5251
5203
5252
5204
5253
5205
5254
5206
5255
5207
5256
5208
5257
5209
5258
5210
5259
5211
5260
5212
5261
5213
5262
5214
5263
5215
5264
5216
5265
5217
5266
5218
5267
5219
5268
5220
5269
5221
5270
5222
5271
5223
5272
5224
5273
5225
5274
5226
5275
5227
5276
5228
5277
5229
5278
5230
5279
5231
5280
5232
5281
5233
5282
5234
5283
5235
5284
5236
5285
5237
5286
5238
5287
5239
5288
5240
5289
5241
5290
5242
5291
5243
5292
5244
5293
5245
5294
5246
5295
5247
5296
5248
5297
5249
5298
5299
5251
5300
5252
5301
5253
5302
5254
5303
5255
5304
5256
5305
5257
5306
5258
5307
5259
5308
5260
5309
5261
5310
5262
5311
5263
5312
5264
5313
5265
5314
5266
5315
5267
5316
5268
5317
5269
5318
5270
5319
5271
5320
5272
5321
5273
5322
5274
5323
5275
5324
5276
5325
5277
5326
5278
5327
5279
5328
5280
5329
5281
5330
5282
5331
5283
5332
5284
5333
5285
5334
5286
5335
5287
5336
5288
5337
5289
5338
5290
5339
5291
5340
5292
5341
5293
5342
5294
5343
5295
5344
5296
5345
5297
5346
5298
5347
5299
5348
5349
5301
5350
5302
5351
5303
5352
5304
5353
5305
5354
5306
5355
5307
5356
5308
5357
5309
5358
5310
5359
5311
5360
5312
5361
5313
5362
5314
5363
5315
5364
5316
5365
5317
5366
5318
5367
5319
5368
5320
5369
5321
5370
5322
5371
5323
5372
5324
5373
5325
5374
5326
5375
5327
5376
5328
5377
5329
5378
5330
5379
5331
5380
5332
5381
5333
5382
5334
5383
5335
5384
5336
5385
5337
5386
5338
5387
5339
5388
5340
5389
5341
5390
5342
5391
5343
5392
5344
5393
5345
5394
5346
5395
5347
5396
5348
5397
5349
5398
5399
5351
5400
5352
5401
5353
5402
5354
5403
5355
5404
5356
5405
5357
5406
5358
5407
5359
5408
5360
5409
5361
5410
5362
5411
5363
5412
5364
5413
5365
5414
5366
5415
5367
5416
5368
5417
5369
5418
5370
5419
5371
5420
5372
5421
5373
5422
5374
5423
5375
5424
5376
5425
5377
5426
5378
5427
5379
5428
5380
5429
5381
5430
5382
5431
5383
5432
5384
5433
5385
5434
5386
5435
5387
5436
5388
5437
5389
5438
5390
5439
5391
5440
5392
5441
5393
5442
5394
5443
5395
5444
5396
5445
5397
5446
5398
5447
5399
5448
5449
5401
5450
5402
5451
5403
5452
5404
5453
5405
5454
5406
5455
5407
5456
5408
5457
5409
5458
5410
5459
5411
5460
5412
5461
5413
5462
5414
5463
5415
5464
5416
5465
5417
5466
5418
5467
5419
5468
5420
5469
5421
5470
5422
5471
5423
5472
5424
5473
5425
5474
5426
5475
5427
5476
5428
5477
5429
5478
5430
5479
5431
5480
5432
5481
5433
5482
5434
5483
5435
5484
5436
5485
5437
5486
5438
5487
5439
5488
5440
5489
5441
5490
5442
5491
5443
5492
5444
5493
5445
5494
5446
5495
5447
5496
5448
5497
5449
5498
5499
5451
5500
5452
5501
5453
5502
5454
5503
5455
5504
5456
5505
5457
5506
5458
5507
5459
5508
5460
5509
5461
5510
5462
5511
5463
5512
5464
5513
5465
5514
5466
5515
5467
5516
5468
5517
5469
5518
5470
5519
5471
5520
5472
5521
5473
5522
5474
5523
5475
5524
5476
5525
5477
5526
5478
5527
5479
5528
5480
5529
5481
5530
5482
5531
5483
5532
5484
5533
5485
5534
5486
5535
5487
5536
5488
5537
5489
5538
5490
5539
5491
5540
5492
5541
5493
5542
5494
5543
5495
5544
5496
5545
5497
5546
5498
5547
5499
5548
5549
5501
5550
5502
5551
5503
5552
5504
5553
5505
5554
5506
5555
5507
5556
5508
5557
5509
5558
5510
5559
5511
5560
5512
5561
5513
5562
5514
5563
5515
5564
5516
5565
5517
5566
5518
5567
5519
5568
5520
5569
5521
5570
5522
5571
5523
5572
5524
5573
5525
5574
5526
5575
5527
5576
5528
5577
5529
5578
5530
5579
5531
5580
5532
5581
5533
5582
5534
5583
5535
5584
5536
5585
5537
5586
5538
5587
5539
5588
5540
5589
5541
5590
5542
5591
5543
5592
5544
5593
5545
5594
5546
5595
5547
5596
5548
5597
5549
5598
5599
5551
5600
5552
5601
5553
5602
5554
5603
5555
5604
5556
5605
5557
5606
5558
5607
5559
5608
5560
5609
5561
5610
5562
5611
5563
5612
5564
5613
5565
5614
5566
5615
5567
5616
5568
5617
5569
5618
5570
5619
5571
5620
5572
5621
5573
5622
5574
5623
5575
5624
5576
5625
5577
5626
5578
5627
5579
5628
5580
5629
5581
5630
5582
5631
5583
5632
5584
5633
5585
5634
5586
5635
5587
5636
5588
5637
5589
5638
5590
5639
5591
5640
5592
5641
5593
5642
5594
5643
5595
5644
5596
5645
5597
5646
5598
5647
5599
5648
5649
5601
5650
5602
5651
5603
5652
5604
5653
5605
5654
5606
5655
5607
5656
5608
5657
5609
5658
5610
5659
5611
5660
5612
5661
5613
5662
5614
5663
5615
5664
5616
5665
5617
5666
5618
5667
5619
5668
5620
5669
5621
5670
5622
5671
5623
5672
5624
5673
5625
5674
5626
5675
5627
5676
5628
5677
5629
5678
5630
5679
5631
5680
5632
5681
5633
5682
5634
5683
5635
5684
5636
5685
5637
5686
5638
5687
5639
5688
5640
5689
5641
5690
5642
5691
5643
5692
5644
5693
5645
5694
5646
5695
5647
5696
5648
5697
5649
5698
5699
5651
5700
5652
5701
5653
5702
5654
5703
5655
5704
5656
5705
5657
5706
5658
5707
5659
5708
5660
5709
5661
5710
5662
5711
5663
5712
5664
5713
5665
5714
5666
5715
5667
5716
5668
5717
5669
5718
5670
5719
5671
5720
5672
5721
5673
5722
5674
5723
5675
5724
5676
5725
5677
5726
5678
5727
5679
5728
5680
5729
5681
5730
5682
5731
5683
5732
5684
5733
5685
5734
5686
5735
5687
5736
5688
5737
5689
5738
5690
5739
5691
5740
5692
5741
5693
5742
5694
5743
5695
5744
5696
5745
5697
5746
5698
5747
5699
5748
5749
5701
5750
5702
5751
5703
5752
5704
5753
5705
5754
5706
5755
5707
5756
5708
5757
5709
5758
5710
5759
5711
5760
5712
5761
5713
5762
5714
5763
5715
5764
5716
5765
5717
5766
5718
5767
5719
5768
5720
5769
5721
5770
5722
5771
5723
5772
5724
5773
5725
5774
5726
5775
5727
5776
5728
5777
5729
5778
5730
5779
5731
5780
5732
5781
5733
5782
5734
5783
5735
5784
5736
5785
5737
5786
5738
5787
5739
5788
5740
5789
5741
5790
5742
5791
5743
5792
5744
5793
5745
5794
5746
5795
5747
5796
5748
5797
5749
5798
5799
5751
5800
5752
5801
5753
5802
5754
5803
5755
5804
5756
5805
5757
5806
5758
5807
5759
5808
5760
5809
5761
5810
5762
5811
5763
5812
5764
5813
5765
5814
5766
5815
5767
5816
5768
5817
5769
5818
5770
5819
5771
5820
5772
5821
5773
5822
5774
5823
5775
5824
5776
5825
5777
5826
5778
5827
5779
5828
5780
5829
5781
5830
5782
5831
5783
5832
5784
5833
5785
5834
5786
5835
5787
5836
5788
5837
5789
5838
5790
5839
5791
5840
5792
5841
5793
5842
5794
5843
5795
5844
5796
5845
5797
5846
5798
5847
5799
5848
5849
5801
5850
5802
5851
5803
5852
5804
5853
5805
5854
5806
5855
5807
5856
5808
5857
5809
5858
5810
5859
5811
5860
5812
5861
5813
5862
5814
5863
5815
5864
5816
5865
5817
5866
5818
5867
5819
5868
5820
5869
5821
5870
5822
5871
5823
5872
5824
5873
5825
5874
5826
5875
5827
5876
5828
5877
5829
5878
5830
5879
5831
5880
5832
5881
5833
5882
5834
5883
5835
5884
5836
5885
5837
5886
5838
5887
5839
5888
5840
5889
5841
5890
5842
5891
5843
5892
5844
5893
5845
5894
5846
5895
5847
5896
5848
5897
5849
5898
5899
5851
5900
5852
5901
5853
5902
5854
5903
5855
5904
5856
5905
5857
5906
5858
5907
5859
5908
5860
5909
5861
5910
5862
5911
5863
5912
5864
5913
5865
5914
5866
5915
5867
5916
5868
5917
5869
5918
5870
5919
5871
5920
5872
5921
5873
5922
5874
5923
5875
5924
5876
5925
5877
5926
5878
5927
5879
5928
5880
5929
5881
5930
5882
5931
5883
5932
5884
5933
5885
5934
5886
5935
5887
5936
5888
5937
5889
5938
5890
5939
5891
5940
5892
5941
5893
5942
5894
5943
5895
5944
5896
5945
5897
5946
5898
5947
5899
5948
5949
5901
5950
5902
5951
5903
5952
5904
5953
5905
5954
5906
5955
5907
5956
5908
5957
5909
5958
5910
5959
5911
5960
5912
5961
5913
5962
5914
5963
5915
5964
5916
5965
5917
5966
5918
5967
5919
5968
5920
5969
5921
5970
5922
5971
5923
5972
5924
5973
5925
5974
5926
5975
5927
5976
5928
5977
5929
5978
5930
5979
5931
5980
5932
5981
5933
5982
5934
5983
5935
5984
5936
5985
5937
5986
5938
5987
5939
5988
5940
5989
5941
5990
5942
5991
5943
5992
5944
5993
5945
5994
5946
5995
5947
5996
5948
5997
5949
5998
5999
5951
6000
5952
6001
5953
6002
5954
6003
5955
6004
5956
6005
5957
6006
5958
6007
5959
6008
5960
6009
5961
6010
5962
6011
5963
6012
5964
6013
5965
6014
5966
6015
5967
6016
5968
6017
5969
6018
5970
6019
5971
6020
5972
6021
5973
6022
5974
6023
5975
6024
5976
6025
5977
6026
5978
6027
5979
6028
5980
6029
5981
6030
5982
6031
5983
6032
5984
6033
5985
6034
5986
6035
5987
6036
5988
6037
5989
6038
5990
6039
5991
6040
5992
6041
5993
6042
5994
6043
5995
6044
5996
6045
5997
6046
5998
6047
5999
6048
6049
6001
6050
6002
6051
6003
6052
6004
6053
6005
6054
6006
6055
6007
6056
6008
6057
6009
6058
6010
6059
6011
6060
6012
6061
6013
6062
6014
6063
6015
6064
6016
6065
6017
6066
6018
6067
6019
6068
6020
6069
6021
6070
6022
6071
6023
6072
6024
6073
6025
6074
6026
6075
6027
6076
6028
6077
6029
6078
6030
6079
6031
6080
6032
6081
6033
6082
6034
6083
6035
6084
6036
6085
6037
6086
6038
6087
6039
6088
6040
6089
6041
6090
6042
6091
6043
6092
6044
6093
6045
6094
6046
6095
6047
6096
6048
6097
6049
6098
6099
6051
6100
6052
6101
6053
6102
6054
6103
6055
6104
6056
6105
6057
6106
6058
6107
6059
6108
6060
6109
6061
6110
6062
6111
6063
6112
6064
6113
6065
6114
6066
6115
6067
6116
6068
6117
6069
6118
6070
6119
6071
6120
6072
6121
6073
6122
6074
6123
6075
6124
6076
6125
6077
6126
6078
6127
6079
6128
6080
6129
6081
6130
6082
6131
6083
6132
6084
6133
6085
6134
6086
6135
6087
6136
6088
6137
6089
6138
6090
6139
6091
6140
6092
6141
6093
6142
6094
6143
6095
6144
6096
6145
6097
6146
6098
6147
6099
6148
6149
6101
6150
6102
6151
6103
6152
6104
6153
6105
6154
6106
6155
6107
6156
6108
6157
6109
6158
6110
6159
6111
6160
6112
6161
6113
6162
6114
6163
6115
6164
6116
6165
6117
6166
6118
6167
6119
6168
6120
6169
6121
6170
6122
6171
6123
6172
6124
6173
6125
6174
6126
6175
6127
6176
6128
6177
6129
6178
6130
6179
6131
6180
6132
6181
6133
6182
6134
6183
6135
6184
6136
6185
6137
6186
6138
6187
6139
6188
6140
6189
6141
6190
6142
6191
6143
6192
6144
6193
6145
6194
6146
6195
6147
6196
6148
6197
6149
6198
6199
6151
6200
6152
6201
6153
6202
6154
6203
6155
6204
6156
6205
6157
6206
6158
6207
6159
6208
6160
6209
6161
6210
6162
6211
6163
6212
6164
6213
6165
6214
6166
6215
6167
6216
6168
6217
6169
6218
6170
6219
6171
6220
6172
6221
6173
6222
6174
6223
6175
6224
6176
6225
6177
6226
6178
6227
6179
6228
6180
6229
6181
6230
6182
6231
6183
6232
6184
6233
6185
6234
6186
6235
6187
6236
6188
6237
6189
6238
6190
6239
6191
6240
6192
6241
6193
6242
6194
6243
6195
6244
6196
6245
6197
6246
6198
6247
6199
6248
6249
6201
6250
6202
6251
6203
6252
6204
6253
6205
6254
6206
6255
6207
6256
6208
6257
6209
6258
6210
6259
6211
6260
6212
6261
6213
6262
6214
6263
6215
6264
6216
6265
6217
6266
6218
6267
6219
6268
6220
6269
6221
6270
6222
6271
6223
6272
6224
6273
6225
6274
6226
6275
6227
6276
6228
6277
6229
6278
6230
6279
6231
6280
6232
6281
6233
6282
6234
6283
6235
6284
6236
6285
6237
6286
6238
6287
6239
6288
6240
6289
6241
6290
6242
6291
6243
6292
6244
6293
6245
6294
6246
6295
6247
6296
6248
6297
6249
6298
6299
6251
6300
6252
6301
6253
6302
6254
6303
6255
6304
6256
6305
6257
6306
6258
6307
6259
6308
6260
6309
6261
6310
6262
6311
6263
6312
6264
6313
6265
6314
6266
6315
6267
6316
6268
6317
6269
6318
6270
6319
6271
6320
6272
6321
6273
6322
6274
6323
6275
6324
6276
6325
6277
6326
6278
6327
6279
6328
6280
6329
6281
6330
6282
6331
6283
6332
6284
6333
6285
6334
6286
6335
6287
6336
6288
6337
6289
6338
6290
6339
6291
6340
6292
6341
6293
6342
6294
6343
6295
6344
6296
6345
6297
6346
6298
6347
6299
6348
6349
6301
6350
6302
6351
6303
6352
6304
6353
6305
6354
6306
6355
6307
6356
6308
6357
6309
6358
6310
6359
6311
6360
6312
6361
6313
6362
6314
6363
6315
6364
6316
6365
6317
6366
6318
6367
6319
6368
6320
6369
6321
6370
6322
6371
6323
6372
6324
6373
6325
6374
6326
6375
6327
6376
6328
6377
6329
6378
6330
6379
6331
6380
6332
6381
6333
6382
6334
6383
6335
6384
6336
6385
6337
6386
6338
6387
6339
6388
6340
6389
6341
6390
6342
6391
6343
6392
6344
6393
6345
6394
6346
6395
6347
6396
6348
6397
6349
6398
6399
6351
6400
6352
6401
6353
6402
6354
6403
6355
6404
6356
6405
6357
6406
6358
6407
6359
6408
6360
6409
6361
6410
6362
6411
6363
6412
6364
6413
6365
6414
6366
6415
6367
6416
6368
6417
6369
6418
6370
6419
6371
6420
6372
6421
6373
6422
6374
6423
6375
6424
6376
6425
6377
6426
6378
6427
6379
6428
6380
6429
6381
6430
6382
6431
6383
6432
6384
6433
6385
6434
6386
6435
6387
6436
6388
6437
6389
6438
6390
6439
6391
6440
6392
6441
6393
6442
6394
6443
6395
6444
6396
6445
6397
6446
6398
6447
6399
6448
6449
6401
6450
6402
6451
6403
6452
6404
6453
6405
6454
6406
6455
6407
6456
6408
6457
6409
6458
6410
6459
6411
6460
6412
6461
6413
6462
6414
6463
6415
6464
6416
6465
6417
6466
6418
6467
6419
6468
6420
6469
6421
6470
6422
6471
6423
6472
6424
6473
6425
6474
6426
6475
6427
6476
6428
6477
6429
6478
6430
6479
6431
6480
6432
6481
6433
6482
6434
6483
6435
6484
6436
6485
6437
6486
6438
6487
6439
6488
6440
6489
6441
6490
6442
6491
6443
6492
6444
6493
6445
6494
6446
6495
6447
6496
6448
6497
6449
6498
6499
6451
6500
6452
6501
6453
6502
6454
6503
6455
6504
6456
6505
6457
6506
6458
6507
6459
6508
6460
6509
6461
6510
6462
6511
6463
6512
6464
6513
6465
6514
6466
6515
6467
6516
6468
6517
6469
6518
6470
6519
6471
6520
6472
6521
6473
6522
6474
6523
6475
6524
6476
6525
6477
6526
6478
6527
6479
6528
6480
6529
6481
6530
6482
6531
6483
6532
6484
6533
6485
6534
6486
6535
6487
6536
6488
6537
6489
6538
6490
6539
6491
6540
6492
6541
6493
6542
6494
6543
6495
6544
6496
6545
6497
6546
6498
6547
6499
6548
6549
6501
6550
6502
6551
6503
6552
6504
6553
6505
6554
6506
6555
6507
6556
6508
6557
6509
6558
6510
6559
6511
6560
6512
6561
6513
6562
6514
6563
6515
6564
6516
6565
6517
6566
6518
6567
6519
6568
6520
6569
6521
6570
6522
6571
6523
6572
6524
6573
6525
6574
6526
6575
6527
6576
6528
6577
6529
6578
6530
6579
6531
6580
6532
6581
6533
6582
6534
6583
6535
6584
6536
6585
6537
6586
6538
6587
6539
6588
6540
6589
6541
6590
6542
6591
6543
6592
6544
6593
6545
6594
6546
6595
6547
6596
6548
6597
6549
6598
6599
6551
6600
6552
6601
6553
6602
6554
6603
6555
6604
6556
6605
6557
6606
6558
6607
6559
6608
6560
6609
6561
6610
6562
6611
6563
6612
6564
6613
6565
6614
6566
6615
6567
6616
6568
6617
6569
6618
6570
6619
6571
6620
6572
6621
6573
6622
6574
6623
6575
6624
6576
6625
6577
6626
6578
6627
6579
6628
6580
6629
6581
6630
6582
6631
6583
6632
6584
6633
6585
6634
6586
6635
6587
6636
6588
6637
6589
6638
6590
6639
6591
6640
6592
6641
6593
6642
6594
6643
6595
6644
6596
6645
6597
6646
6598
6647
6599
6648
6649
6601
6650
6602
6651
6603
6652
6604
6653
6605
6654
6606
6655
6607
6656
6608
6657
6609
6658
6610
6659
6611
6660
6612
6661
6613
6662
6614
6663
6615
6664
6616
6665
6617
6666
6618
6667
6619
6668
6620
6669
6621
6670
6622
6671
6623
6672
6624
6673
6625
6674
6626
6675
6627
6676
6628
6677
6629
6678
6630
6679
6631
6680
6632
6681
6633
6682
6634
6683
6635
6684
6636
6685
6637
6686
6638
6687
6639
6688
6640
6689
6641
6690
6642
6691
6643
6692
6644
6693
6645
6694
6646
6695
6647
6696
6648
6697
6649
6698
6699
6651
6700
6652
6701
6653
6702
6654
6703
6655
6704
6656
6705
6657
6706
6658
6707
6659
6708
6660
6709
6661
6710
6662
6711
6663
6712
6664
6713
6665
6714
6666
6715
6667
6716
6668
6717
6669
6718
6670
6719
6671
6720
6672
6721
6673
6722
6674
6723
6675
6724
6676
6725
6677
6726
6678
6727
6679
6728
6680
6729
6681
6730
6682
6731
6683
6732
6684
6733
6685
6734
6686
6735
6687
6736
6688
6737
6689
6738
6690
6739
6691
6740
6692
6741
6693
6742
6694
6743
6695
6744
6696
6745
6697
6746
6698
6747
6699
6748
6749
6701
6750
6702
6751
6703
6752
6704
6753
6705
6754
6706
6755
6707
6756
6708
6757
6709
6758
6710
6759
6711
6760
6712
6761
6713
6762
6714
6763
6715
6764
6716
6765
6717
6766
6718
6767
6719
6768
6720
6769
6721
6770
6722
6771
6723
6772
6724
6773
6725
6774
6726
6775
6727
6776
6728
6777
6729
6778
6730
6779
6731
6780
6732
6781
6733
6782
6734
6783
6735
6784
6736
6785
6737
6786
6738
6787
6739
6788
6740
6789
6741
6790
6742
6791
6743
6792
6744
6793
6745
6794
6746
6795
6747
6796
6748
6797
6749
6798
6799
6751
6800
6752
6801
6753
6802
6754
6803
6755
6804
6756
6805
6757
6806
6758
6807
6759
6808
6760
6809
6761
6810
6762
6811
6763
6812
6764
6813
6765
6814
6766
6815
6767
6816
6768
6817
6769
6818
6770
6819
6771
6820
6772
6821
6773
6822
6774
6823
6775
6824
6776
6825
6777
6826
6778
6827
6779
6828
6780
6829
6781
6830
6782
6831
6783
6832
6784
6833
6785
6834
6786
6835
6787
6836
6788
6837
6789
6838
6790
6839
6791
6840
6792
6841
6793
6842
6794
6843
6795
6844
6796
6845
6797
6846
6798
6847
6799
6848
6849
6801
6850
6802
6851
6803
6852
6804
6853
6805
6854
6806
6855
6807
6856
6808
6857
6809
6858
6810
6859
6811
6860
6812
6861
6813
6862
6814
6863
6815
6864
6816
6865
6817
6866
6818
6867
6819
6868
6820
6869
6821
6870
6822
6871
6823
6872
6824
6873
6825
6874
6826
6875
6827
6876
6828
6877
6829
6878
6830
6879
6831
6880
6832
6881
6833
6882
6834
6883
6835
6884
6836
6885
6837
6886
6838
6887
6839
6888
6840
6889
6841
6890
6842
6891
6843
6892
6844
6893
6845
6894
6846
6895
6847
6896
6848
6897
6849
6898
6899
6851
6900
6852
6901
6853
6902
6854
6903
6855
6904
6856
6905
6857
6906
6858
6907
6859
6908
6860
6909
6861
6910
6862
6911
6863
6912
6864
6913
6865
6914
6866
6915
6867
6916
6868
6917
6869
6918
6870
6919
6871
6920
6872
6921
6873
6922
6874
6923
6875
6924
6876
6925
6877
6926
6878
6927
6879
6928
6880
6929
6881
6930
6882
6931
6883
6932
6884
6933
6885
6934
6886
6935
6887
6936
6888
6937
6889
6938
6890
6939
6891
6940
6892
6941
6893
6942
6894
6943
6895
6944
6896
6945
6897
6946
6898
6947
6899
6948
6949
6901
6950
6902
6951
6903
6952
6904
6953
6905
6954
6906
6955
6907
6956
6908
6957
6909
6958
6910
6959
6911
6960
6912
6961
6913
6962
6914
6963
6915
6964
6916
6965
6917
6966
6918
6967
6919
6968
6920
6969
6921
6970
6922
6971
6923
6972
6924
6973
6925
6974
6926
6975
6927
6976
6928
6977
6929
6978
6930
6979
6931
6980
6932
6981
6933
6982
6934
6983
6935
6984
6936
6985
6937
6986
6938
6987
6939
6988
6940
6989
6941
6990
6942
6991
6943
6992
6944
6993
6945
6994
6946
6995
6947
6996
6948
6997
6949
6998
6999
6951
7000
6952
7001
6953
7002
6954
7003
6955
7004
6956
7005
6957
7006
6958
7007
6959
7008
6960
7009
6961
7010
6962
7011
6963
7012
6964
7013
6965
7014
6966
7015
6967
7016
6968
7017
6969
7018
6970
7019
6971
7020
6972
7021
6973
7022
6974
7023
6975
7024
6976
7025
6977
7026
6978
7027
6979
7028
6980
7029
6981
7030
6982
7031
6983
7032
6984
7033
6985
7034
6986
7035
6987
7036
6988
7037
6989
7038
6990
7039
6991
7040
6992
7041
6993
7042
6994
7043
6995
7044
6996
7045
6997
7046
6998
7047
6999
7048
7049
7001
7050
7002
7051
7003
7052
7004
7053
7005
7054
7006
7055
7007
7056
7008
7057
7009
7058
7010
7059
7011
7060
7012
7061
7013
7062
7014
7063
7015
7064
7016
7065
7017
7066
7018
7067
7019
7068
7020
7069
7021
7070
7022
7071
7023
7072
7024
7073
7025
7074
7026
7075
7027
7076
7028
7077
7029
7078
7030
7079
7031
7080
7032
7081
7033
7082
7034
7083
7035
7084
7036
7085
7037
7086
7038
7087
7039
7088
7040
7089
7041
7090
7042
7091
7043
7092
7044
7093
7045
7094
7046
7095
7047
7096
7048
7097
7049
7098
7099
7051
7100
7052
7101
7053
7102
7054
7103
7055
7104
7056
7105
7057
7106
7058
7107
7059
7108
7060
7109
7061
7110
7062
7111
7063
7112
7064
7113
7065
7114
7066
7115
7067
7116
7068
7117
7069
7118
7070
7119
7071
7120
7072
7121
7073
7122
7074
7123
7075
7124
7076
7125
7077
7126
7078
7127
7079
7128
7080
7129
7081
7130
7082
7131
7083
7132
7084
7133
7085
7134
7086
7135
7087
7136
7088
7137
7089
7138
7090
7139
7091
7140
7092
7141
7093
7142
7094
7143
7095
7144
7096
7145
7097
7146
7098
7147
7099
7148
7149
7101
7150
7102
7151
7103
7152
7104
7153
7105
7154
7106
7155
7107
7156
7108
7157
7109
7158
7110
7159
7111
7160
7112
7161
7113
7162
7114
7163
7115
7164
7116
7165
7117
7166
7118
7167
7119
7168
7120
7169
7121
7170
7122
7171
7123
7172
7124
7173
7125
7174
7126
7175
7127
7176
7128
7177
7129
7178
7130
7179
7131
7180
7132
7181
7133
7182
7134
7183
7135
7184
7136
7185
7137
7186
7138
7187
7139
7188
7140
7189
7141
7190
7142
7191
7143
7192
7144
7193
7145
7194
7146
7195
7147
7196
7148
7197
7149
7198
7199
7151
7200
7152
7201
7153
7202
7154
7203
7155
7204
7156
7205
7157
7206
7158
7207
7159
7208
7160
7209
7161
7210
7162
7211
7163
7212
7164
7213
7165
7214
7166
7215
7167
7216
7168
7217
7169
7218
7170
7219
7171
7220
7172
7221
7173
7222
7174
7223
7175
7224
7176
7225
7177
7226
7178
7227
7179
7228
7180
7229
7181
7230
7182
7231
7183
7232
7184
7233
7185
7234
7186
7235
7187
7236
7188
7237
7189
7238
7190
7239
7191
7240
7192
7241
7193
7242
7194
7243
7195
7244
7196
7245
7197
7246
7198
7247
7199
7248
7249
7201
7250
7202
7251
7203
7252
7204
7253
7205
7254
7206
7255
7207
7256
7208
7257
7209
7258
7210
7259
7211
7260
7212
7261
7213
7262
7214
7263
7215
7264
7216
7265
7217
7266
7218
7267
7219
7268
7220
7269
7221
7270
7222
7271
7223
7272
7224
7273
7225
7274
7226
7275
7227
7276
7228
7277
7229
7278
7230
7279
7231
7280
7232
7281
7233
7282
7234
7283
7235
7284
7236
7285
7237
7286
7238
7287
7239
7288
7240
7289
7241
7290
7242
7291
7243
7292
7244
7293
7245
7294
7246
7295
7247
7296
7248
7297
7249
7298
7299
7251
7300
7252
7301
7253
7302
7254
7303
7255
7304
7256
7305
7257
7306
7258
7307
7259
7308
7260
7309
7261
7310
7262
7311
7263
7312
7264
7313
7265
7314
7266
7315
7267
7316
7268
7317
7269
7318
7270
7319
7271
7320
7272
7321
7273
7322
7274
7323
7275
7324
7276
7325
7277
7326
7278
7327
7279
7328
7280
7329
7281
7330
7282
7331
7283
7332
7284
7333
7285
7334
7286
7335
7287
7336
7288
7337
7289
7338
7290
7339
7291
7340
7292
7341
7293
7342
7294
7343
7295
7344
7296
7345
7297
7346
7298
7347
7299
7348
7349
7301
7350
7302
7351
7303
7352
7304
7353
7305
7354
7306
7355
7307
7356
7308
7357
7309
7358
7310
7359
7311
7360
7312
7361
7313
7362
7314
7363
7315
7364
7316
7365
7317
7366
7318
7367
7319
7368
7320
7369
7321
7370
7322
7371
7323
7372
7324
7373
7325
7374
7326
7375
7327
7376
7328
7377
7329
7378
7330
7379
7331
7380
7332
7381
7333
7382
7334
7383
7335
7384
7336
7385
7337
7386
7338
7387
7339
7388
7340
7389
7341
7390
7342
7391
7343
7392
7344
7393
7345
7394
7346
7395
7347
7396
7348
7397
7349
7398
7399
7351
7400
7352
7401
7353
7402
7354
7403
7355
7404
7356
7405
7357
7406
7358
7407
7359
7408
7360
7409
7361
7410
7362
7411
7363
7412
7364
7413
7365
7414
7366
7415
7367
7416
7368
7417
7369
7418
7370
7419
7371
7420
7372
7421
7373
7422
7374
7423
7375
7424
7376
7425
7377
7426
7378
7427
7379
7428
7380
7429
7381
7430
7382
7431
7383
7432
7384
7433
7385
7434
7386
7435
7387
7436
7388
7437
7389
7438
7390
7439
7391
7440
7392
7441
7393
7442
7394
7443
7395
7444
7396
7445
7397
7446
7398
7447
7399
7448
7449
7401
7450
7402
7451
7403
7452
7404
7453
7405
7454
7406
7455
7407
7456
7408
7457
7409
7458
7410
7459
7411
7460
7412
7461
7413
7462
7414
7463
7415
7464
7416
7465
7417
7466
7418
7467
7419
7468
7420
7469
7421
7470
7422
7471
7423
7472
7424
7473
7425
7474
7426
7475
7427
7476
7428
7477
7429
7478
7430
7479
7431
7480
7432
7481
7433
7482
7434
7483
7435
7484
7436
7485
7437
7486
7438
7487
7439
7488
7440
7489
7441
7490
7442
7491
7443
7492
7444
7493
7445
7494
7446
7495
7447
7496
7448
7497
7449
7498
7499
7451
7452
7453
7454
7455
7456
7457
7458
7459
7460
7461
7462
7463
7464
7465
7466
7467
7468
7469
7470
7471
7472
7473
7474
7475
7476
7477
7478
7479
7480
7481
7482
7483
7484
7485
7486
7487
7488
7489
7490
7491
7492
7493
7494
7495
7496
7497
7498
7499
)


// ************************************************************************* //
